   0 	 877.36 	 1006.77 	 1102.99
    1 	 857.46 	 998.35 	 1093.65
    2 	 866.34 	 1008.86 	 1117.72
    3 	 885.54 	 1014.11 	 1114.67
    4 	 945.23 	 1018.25 	 1090.46
    5 	 964.80 	 1021.49 	 1116.94
    6 	 955.76 	 1027.63 	 1112.53
    7 	 980.21 	 1030.41 	 1138.27
    8 	 950.63 	 1038.25 	 1102.01
    9 	 932.74 	 1039.66 	 1096.10
   10 	 982.22 	 1050.51 	 1117.59
   11 	 986.96 	 1044.91 	 1107.61
   12 	 972.35 	 1050.36 	 1110.11
   13 	 1013.35 	 1065.33 	 1117.99
   14 	 977.11 	 1063.60 	 1160.95
   15 	 1000.06 	 1049.13 	 1100.13
   16 	 958.31 	 1051.98 	 1114.29
   17 	 964.74 	 1053.64 	 1108.33
   18 	 953.07 	 1057.71 	 1144.94
   19 	 943.26 	 1047.27 	 1142.83
   20 	 907.75 	 1032.43 	 1149.26
   21 	 879.75 	 1048.99 	 1144.72
   22 	 853.82 	 1039.79 	 1136.74
   23 	 846.31 	 1058.03 	 1126.95
   24 	 854.69 	 1057.40 	 1133.64
   25 	 877.85 	 1042.35 	 1130.16
   26 	 887.92 	 1046.95 	 1127.45
   27 	 846.46 	 1052.39 	 1133.55
   28 	 893.59 	 1046.11 	 1128.66
   29 	 900.42 	 1070.48 	 1150.54
   30 	 973.01 	 1081.16 	 1144.10
   31 	 937.16 	 1078.67 	 1186.92
   32 	 879.68 	 1068.35 	 1184.99
   33 	 906.30 	 1063.78 	 1182.00
   34 	 893.87 	 1060.99 	 1206.98
   35 	 889.09 	 1056.79 	 1173.62
   36 	 878.50 	 1051.34 	 1171.93
   37 	 835.68 	 1049.41 	 1177.63
   38 	 832.02 	 1046.61 	 1173.29
   39 	 858.05 	 1044.38 	 1184.25
   40 	 955.13 	 1077.90 	 1188.71
   41 	 962.04 	 1074.19 	 1216.80
   42 	 966.91 	 1085.59 	 1186.26
   43 	 935.85 	 1074.25 	 1189.66
   44 	 944.96 	 1084.84 	 1201.93
   45 	 981.30 	 1093.81 	 1200.77
   46 	 996.55 	 1085.06 	 1195.49
   47 	 959.50 	 1051.17 	 1175.34
   48 	 916.54 	 1038.28 	 1177.57
   49 	 953.72 	 1040.20 	 1159.15
   50 	 917.30 	 1034.45 	 1165.47
   51 	 907.23 	 1035.11 	 1171.07
   52 	 883.87 	 1040.75 	 1163.43
   53 	 930.08 	 1071.38 	 1165.97
   54 	 933.51 	 1066.54 	 1151.38
   55 	 937.43 	 1065.43 	 1167.09
   56 	 939.66 	 1082.36 	 1180.89
   57 	 936.68 	 1101.81 	 1185.75
   58 	 928.12 	 1114.09 	 1184.68
   59 	 951.45 	 1118.07 	 1187.69
   60 	 957.19 	 1116.50 	 1187.52
   61 	 956.27 	 1103.47 	 1180.12
   62 	 996.28 	 1114.80 	 1175.50
   63 	 1055.08 	 1116.41 	 1168.96
   64 	 1036.72 	 1112.08 	 1176.03
   65 	 1024.02 	 1106.67 	 1174.99
   66 	 936.92 	 1095.62 	 1176.08
   67 	 981.06 	 1097.64 	 1169.19
   68 	 1018.90 	 1111.22 	 1175.78
   69 	 1023.42 	 1104.33 	 1177.56
   70 	 986.15 	 1103.53 	 1201.04
   71 	 963.33 	 1087.68 	 1186.85
   72 	 952.02 	 1066.93 	 1174.90
   73 	 933.21 	 1061.93 	 1162.40
   74 	 963.19 	 1074.43 	 1169.14
   75 	 967.65 	 1069.84 	 1158.23
   76 	 978.94 	 1088.69 	 1181.94
   77 	 1024.47 	 1098.38 	 1182.81
   78 	 990.67 	 1093.02 	 1161.72
   79 	 952.61 	 1073.43 	 1163.19
   80 	 989.27 	 1089.09 	 1160.46
   81 	 997.27 	 1091.06 	 1159.29
   82 	 981.05 	 1083.29 	 1164.15
   83 	 978.98 	 1083.74 	 1161.54
   84 	 1002.43 	 1076.72 	 1164.27
   85 	 997.33 	 1076.81 	 1128.08
   86 	 980.79 	 1072.51 	 1118.07
   87 	 1008.05 	 1079.06 	 1122.64
   88 	 1029.34 	 1073.74 	 1123.06
   89 	 986.47 	 1076.87 	 1131.09
   90 	 977.24 	 1082.44 	 1141.69
   91 	 1004.89 	 1079.38 	 1131.54
   92 	 1008.04 	 1081.62 	 1150.21
   93 	 941.55 	 1082.40 	 1167.38
   94 	 931.27 	 1076.15 	 1153.17
   95 	 923.46 	 1082.39 	 1182.99
   96 	 893.27 	 1065.29 	 1168.17
   97 	 919.09 	 1067.36 	 1171.65
   98 	 986.82 	 1078.35 	 1171.33
   99 	 993.19 	 1088.48 	 1172.45
  100 	 962.63 	 1085.75 	 1160.61
  101 	 966.45 	 1086.01 	 1170.02
  102 	 961.43 	 1077.45 	 1154.60
  103 	 946.77 	 1068.65 	 1153.84
  104 	 958.40 	 1064.81 	 1176.03
  105 	 965.30 	 1078.65 	 1174.38
  106 	 974.60 	 1083.36 	 1160.68
  107 	 1025.60 	 1088.68 	 1159.62
  108 	 1011.54 	 1086.71 	 1158.02
  109 	 1014.78 	 1084.69 	 1181.22
  110 	 984.67 	 1080.63 	 1172.38
  111 	 1003.69 	 1076.92 	 1179.40
  112 	 971.36 	 1082.85 	 1178.71
  113 	 965.97 	 1072.02 	 1173.56
  114 	 972.46 	 1079.81 	 1167.17
  115 	 966.83 	 1071.94 	 1171.13
  116 	 951.88 	 1069.05 	 1194.46
  117 	 863.24 	 1059.85 	 1161.34
  118 	 940.51 	 1074.17 	 1147.94
  119 	 899.40 	 1054.17 	 1137.13
  120 	 942.26 	 1034.99 	 1132.23
  121 	 921.14 	 1025.95 	 1135.56
  122 	 930.70 	 1029.83 	 1145.54
  123 	 936.55 	 1041.57 	 1148.04
  124 	 967.63 	 1053.60 	 1145.66
  125 	 971.35 	 1062.08 	 1137.91
  126 	 1000.66 	 1075.37 	 1164.51
  127 	 1003.13 	 1069.10 	 1142.41
  128 	 961.34 	 1059.18 	 1143.78
  129 	 961.57 	 1065.81 	 1142.47
  130 	 958.94 	 1073.12 	 1143.64
  131 	 954.66 	 1078.33 	 1148.59
  132 	 958.76 	 1075.81 	 1142.21
  133 	 999.29 	 1067.58 	 1138.11
  134 	 979.56 	 1065.83 	 1140.93
  135 	 970.51 	 1070.74 	 1156.25
  136 	 1000.13 	 1069.75 	 1137.32
  137 	 941.79 	 1071.86 	 1144.54
  138 	 994.22 	 1071.81 	 1138.71
  139 	 977.07 	 1067.51 	 1126.52
  140 	 983.72 	 1064.11 	 1119.69
  141 	 954.40 	 1056.74 	 1108.53
  142 	 930.59 	 1047.13 	 1111.19
  143 	 967.36 	 1049.87 	 1173.09
  144 	 940.56 	 1053.40 	 1144.14
  145 	 989.97 	 1058.41 	 1153.98
  146 	 945.42 	 1046.55 	 1161.25
  147 	 942.46 	 1045.25 	 1154.41
  148 	 987.83 	 1042.83 	 1173.56
  149 	 933.48 	 1033.91 	 1170.55
 