   0 	 840.71 	 997.81 	 1134.77
    1 	 833.58 	 992.27 	 1131.47
    2 	 825.48 	 1007.61 	 1092.35
    3 	 856.58 	 1008.55 	 1098.54
    4 	 862.64 	 1019.15 	 1103.23
    5 	 907.84 	 1024.44 	 1119.98
    6 	 915.29 	 1018.14 	 1095.01
    7 	 907.05 	 1016.96 	 1084.38
    8 	 905.21 	 1025.86 	 1094.89
    9 	 900.71 	 1016.62 	 1133.13
   10 	 917.08 	 1018.63 	 1105.44
   11 	 931.72 	 1024.13 	 1106.01
   12 	 910.74 	 1006.77 	 1128.29
   13 	 911.83 	 1004.36 	 1098.85
   14 	 885.16 	 1006.82 	 1090.34
   15 	 948.11 	 1015.33 	 1083.52
   16 	 926.66 	 1018.09 	 1087.85
   17 	 937.15 	 1027.48 	 1118.56
   18 	 956.69 	 1037.70 	 1121.69
   19 	 921.66 	 1032.17 	 1152.98
   20 	 906.15 	 1039.90 	 1156.41
   21 	 874.92 	 1051.29 	 1163.97
   22 	 950.92 	 1059.79 	 1165.28
   23 	 957.95 	 1056.95 	 1161.73
   24 	 964.91 	 1063.33 	 1153.71
   25 	 975.89 	 1064.59 	 1161.23
   26 	 945.77 	 1069.55 	 1180.24
   27 	 929.64 	 1070.07 	 1150.25
   28 	 970.53 	 1068.85 	 1166.13
   29 	 966.83 	 1071.56 	 1150.71
   30 	 941.03 	 1073.06 	 1154.60
   31 	 1039.30 	 1096.10 	 1156.91
   32 	 1005.66 	 1084.87 	 1174.76
   33 	 982.81 	 1106.20 	 1167.44
   34 	 1005.61 	 1110.80 	 1178.99
   35 	 1037.15 	 1110.76 	 1162.26
   36 	 1028.12 	 1110.30 	 1157.14
   37 	 1018.16 	 1102.37 	 1151.24
   38 	 1028.10 	 1105.46 	 1148.65
   39 	 1041.35 	 1106.95 	 1143.01
   40 	 1038.54 	 1103.05 	 1146.85
   41 	 1012.16 	 1094.17 	 1150.07
   42 	 1000.90 	 1086.67 	 1148.31
   43 	 1009.30 	 1084.77 	 1158.49
   44 	 962.59 	 1069.65 	 1163.73
   45 	 980.25 	 1066.63 	 1153.73
   46 	 987.59 	 1074.30 	 1190.98
   47 	 1004.98 	 1065.88 	 1160.40
   48 	 994.05 	 1075.51 	 1150.72
   49 	 973.42 	 1078.51 	 1140.12
   50 	 977.96 	 1073.38 	 1146.10
   51 	 978.36 	 1072.46 	 1142.07
   52 	 995.52 	 1070.23 	 1156.58
   53 	 971.45 	 1068.68 	 1156.03
   54 	 972.73 	 1059.85 	 1156.38
   55 	 946.87 	 1055.76 	 1166.24
   56 	 950.52 	 1056.48 	 1149.90
   57 	 1000.92 	 1064.18 	 1126.72
   58 	 958.28 	 1062.83 	 1129.97
   59 	 945.38 	 1057.17 	 1152.53
   60 	 970.30 	 1058.16 	 1144.89
   61 	 963.88 	 1059.96 	 1143.93
   62 	 934.95 	 1063.83 	 1158.41
   63 	 933.08 	 1043.75 	 1131.90
   64 	 905.35 	 1059.57 	 1148.28
   65 	 897.36 	 1072.47 	 1144.98
   66 	 944.60 	 1082.70 	 1142.05
   67 	 949.87 	 1078.79 	 1144.90
   68 	 934.35 	 1069.61 	 1137.90
   69 	 930.18 	 1051.35 	 1147.02
   70 	 988.73 	 1060.04 	 1148.44
   71 	 938.92 	 1051.82 	 1114.68
   72 	 939.28 	 1040.96 	 1115.54
   73 	 932.02 	 1026.29 	 1101.84
   74 	 932.38 	 1020.94 	 1105.13
   75 	 913.59 	 1031.67 	 1102.04
   76 	 907.61 	 1033.56 	 1114.61
   77 	 925.00 	 1041.80 	 1148.36
   78 	 881.58 	 1034.81 	 1148.98
   79 	 879.90 	 1047.58 	 1154.46
   80 	 868.66 	 1053.27 	 1146.06
   81 	 885.40 	 1024.52 	 1124.35
   82 	 920.77 	 1029.13 	 1126.83
   83 	 894.35 	 1038.21 	 1106.26
   84 	 902.85 	 1039.22 	 1122.34
   85 	 946.46 	 1054.24 	 1134.97
   86 	 846.31 	 1057.72 	 1146.82
   87 	 948.59 	 1075.45 	 1157.31
   88 	 938.77 	 1080.93 	 1177.80
   89 	 996.72 	 1095.05 	 1171.55
   90 	 995.32 	 1105.22 	 1174.37
   91 	 1024.03 	 1097.05 	 1170.10
   92 	 1029.55 	 1103.52 	 1174.73
   93 	 1036.94 	 1103.35 	 1172.82
   94 	 1021.95 	 1109.76 	 1178.93
   95 	 1030.63 	 1105.71 	 1179.09
   96 	 1025.44 	 1100.58 	 1174.86
   97 	 1009.31 	 1089.00 	 1162.26
   98 	 972.28 	 1073.42 	 1150.03
   99 	 953.27 	 1076.58 	 1149.63
  100 	 977.43 	 1086.05 	 1140.98
  101 	 958.57 	 1072.14 	 1136.01
  102 	 962.41 	 1062.62 	 1137.61
  103 	 899.57 	 1047.78 	 1125.20
  104 	 914.73 	 1036.99 	 1135.34
  105 	 942.17 	 1041.89 	 1134.05
  106 	 946.46 	 1041.86 	 1116.20
  107 	 924.80 	 1035.83 	 1176.23
  108 	 990.23 	 1058.57 	 1176.80
  109 	 981.02 	 1075.14 	 1174.15
  110 	 998.75 	 1078.12 	 1174.24
  111 	 1002.91 	 1078.55 	 1181.70
  112 	 952.67 	 1068.59 	 1154.63
  113 	 921.06 	 1075.81 	 1156.01
  114 	 919.85 	 1078.97 	 1168.18
  115 	 942.38 	 1085.58 	 1164.04
  116 	 912.14 	 1082.79 	 1151.11
  117 	 846.75 	 1065.12 	 1146.51
  118 	 846.49 	 1050.88 	 1154.56
  119 	 825.24 	 1055.93 	 1141.34
  120 	 839.01 	 1060.36 	 1137.46
  121 	 971.80 	 1062.42 	 1147.87
  122 	 933.67 	 1048.72 	 1146.39
  123 	 958.66 	 1041.54 	 1134.87
  124 	 963.58 	 1053.71 	 1128.99
  125 	 973.01 	 1078.60 	 1127.30
  126 	 969.75 	 1073.13 	 1144.01
  127 	 944.00 	 1067.68 	 1147.67
  128 	 909.20 	 1065.38 	 1147.90
  129 	 980.60 	 1063.52 	 1162.23
  130 	 962.59 	 1058.31 	 1163.51
  131 	 978.03 	 1055.17 	 1107.97
  132 	 986.65 	 1057.91 	 1117.81
  133 	 982.93 	 1055.97 	 1118.21
  134 	 997.00 	 1060.59 	 1122.50
  135 	 983.52 	 1066.23 	 1151.41
  136 	 989.97 	 1071.26 	 1154.30
  137 	 980.06 	 1066.19 	 1128.14
  138 	 1010.12 	 1071.47 	 1140.18
  139 	 1004.93 	 1077.65 	 1128.68
  140 	 1017.44 	 1080.02 	 1133.45
  141 	 982.46 	 1076.77 	 1146.28
  142 	 964.02 	 1068.82 	 1129.89
  143 	 966.88 	 1067.99 	 1132.95
  144 	 980.39 	 1073.06 	 1162.02
  145 	 960.24 	 1063.25 	 1157.83
  146 	 976.36 	 1048.06 	 1150.17
  147 	 944.96 	 1055.99 	 1132.25
  148 	 929.17 	 1041.20 	 1137.80
  149 	 993.50 	 1063.53 	 1141.09
 