   0 	 769.99 	 982.20 	 1122.12
    1 	 864.33 	 989.23 	 1121.43
    2 	 891.94 	 994.00 	 1116.64
    3 	 898.74 	 1006.22 	 1125.62
    4 	 849.38 	 1008.57 	 1127.12
    5 	 887.72 	 1005.37 	 1154.51
    6 	 911.28 	 1036.04 	 1137.12
    7 	 880.98 	 1018.36 	 1141.88
    8 	 944.14 	 1033.60 	 1141.88
    9 	 943.24 	 1037.13 	 1142.91
   10 	 948.76 	 1021.25 	 1102.43
   11 	 951.45 	 1033.07 	 1106.20
   12 	 886.44 	 1015.98 	 1086.12
   13 	 955.76 	 1023.09 	 1119.05
   14 	 947.52 	 1016.44 	 1091.07
   15 	 918.39 	 1021.99 	 1101.51
   16 	 905.20 	 1019.73 	 1082.93
   17 	 847.45 	 1022.13 	 1102.35
   18 	 948.61 	 1039.24 	 1095.23
   19 	 940.72 	 1040.45 	 1090.11
   20 	 952.00 	 1036.26 	 1104.50
   21 	 980.34 	 1044.06 	 1108.89
   22 	 987.52 	 1048.15 	 1104.43
   23 	 985.95 	 1063.66 	 1115.94
   24 	 968.46 	 1052.01 	 1119.25
   25 	 937.61 	 1044.21 	 1109.92
   26 	 925.93 	 1041.03 	 1111.87
   27 	 905.85 	 1038.46 	 1102.55
   28 	 984.15 	 1042.67 	 1096.14
   29 	 986.28 	 1044.11 	 1096.01
   30 	 978.52 	 1044.31 	 1098.87
   31 	 969.14 	 1042.56 	 1104.05
   32 	 965.27 	 1038.04 	 1111.55
   33 	 953.32 	 1040.57 	 1113.72
   34 	 955.98 	 1034.51 	 1093.09
   35 	 871.32 	 1023.77 	 1098.52
   36 	 888.42 	 1025.40 	 1106.03
   37 	 886.35 	 1033.30 	 1115.85
   38 	 939.02 	 1035.10 	 1103.77
   39 	 918.12 	 1013.72 	 1121.83
   40 	 940.80 	 1029.43 	 1126.16
   41 	 955.43 	 1032.71 	 1141.47
   42 	 939.27 	 1026.41 	 1139.73
   43 	 916.79 	 1011.55 	 1183.37
   44 	 892.04 	 1007.70 	 1152.27
   45 	 928.01 	 1009.51 	 1103.93
   46 	 858.59 	 1024.46 	 1137.77
   47 	 871.74 	 1041.40 	 1143.90
   48 	 894.85 	 1064.11 	 1155.96
   49 	 918.22 	 1062.20 	 1151.40
   50 	 961.51 	 1076.03 	 1149.80
   51 	 952.09 	 1061.83 	 1166.91
   52 	 995.24 	 1067.64 	 1118.53
   53 	 970.33 	 1061.20 	 1119.34
   54 	 959.12 	 1057.65 	 1137.57
   55 	 951.14 	 1053.77 	 1133.38
   56 	 930.68 	 1047.30 	 1119.68
   57 	 891.81 	 1058.13 	 1131.86
   58 	 945.91 	 1067.33 	 1151.02
   59 	 940.79 	 1053.27 	 1169.96
   60 	 929.19 	 1050.47 	 1171.62
   61 	 903.03 	 1048.65 	 1127.36
   62 	 963.71 	 1052.95 	 1133.91
   63 	 1001.41 	 1074.11 	 1135.63
   64 	 1039.30 	 1085.02 	 1124.40
   65 	 990.00 	 1077.49 	 1142.63
   66 	 1009.54 	 1086.20 	 1147.58
   67 	 992.23 	 1089.38 	 1159.97
   68 	 1003.47 	 1086.02 	 1147.67
   69 	 1009.14 	 1082.20 	 1141.57
   70 	 1015.87 	 1094.19 	 1138.64
   71 	 1018.26 	 1105.08 	 1169.83
   72 	 1019.04 	 1101.11 	 1154.84
   73 	 1017.10 	 1100.46 	 1154.41
   74 	 998.28 	 1082.25 	 1136.89
   75 	 967.04 	 1068.55 	 1142.19
   76 	 992.46 	 1090.24 	 1149.56
   77 	 937.31 	 1077.35 	 1144.76
   78 	 932.93 	 1066.06 	 1155.90
   79 	 914.41 	 1081.43 	 1172.34
   80 	 882.09 	 1071.32 	 1157.19
   81 	 881.29 	 1084.05 	 1152.02
   82 	 934.42 	 1078.01 	 1154.64
   83 	 940.69 	 1061.89 	 1152.20
   84 	 944.06 	 1060.46 	 1143.21
   85 	 943.88 	 1063.31 	 1147.39
   86 	 943.68 	 1062.92 	 1153.25
   87 	 941.73 	 1060.92 	 1148.63
   88 	 934.25 	 1056.88 	 1140.84
   89 	 917.57 	 1060.42 	 1126.90
   90 	 930.87 	 1058.53 	 1131.02
   91 	 902.18 	 1055.42 	 1156.75
   92 	 955.80 	 1058.29 	 1171.66
   93 	 933.43 	 1052.48 	 1160.91
   94 	 932.25 	 1049.04 	 1140.70
   95 	 909.54 	 1042.87 	 1138.88
   96 	 888.47 	 1034.45 	 1115.03
   97 	 944.40 	 1027.98 	 1130.61
   98 	 877.66 	 1019.54 	 1135.36
   99 	 848.48 	 1017.78 	 1141.00
  100 	 891.25 	 1003.71 	 1120.90
  101 	 903.04 	 1010.79 	 1098.33
  102 	 873.99 	 1027.52 	 1102.60
  103 	 969.57 	 1032.93 	 1101.31
  104 	 983.66 	 1037.79 	 1118.22
  105 	 956.20 	 1032.87 	 1130.84
  106 	 977.50 	 1033.14 	 1107.37
  107 	 976.96 	 1035.51 	 1113.15
  108 	 970.54 	 1042.48 	 1109.30
  109 	 979.16 	 1044.43 	 1091.67
  110 	 968.05 	 1040.97 	 1118.80
  111 	 947.92 	 1039.23 	 1128.25
  112 	 919.79 	 1031.83 	 1131.51
  113 	 935.73 	 1040.86 	 1102.00
  114 	 935.15 	 1043.93 	 1132.50
  115 	 965.36 	 1057.92 	 1139.84
  116 	 985.31 	 1072.88 	 1129.24
  117 	 1033.91 	 1081.62 	 1161.26
  118 	 1004.78 	 1082.11 	 1164.89
  119 	 992.07 	 1072.05 	 1172.53
  120 	 1000.39 	 1070.66 	 1181.06
  121 	 979.34 	 1057.89 	 1183.08
  122 	 955.04 	 1057.35 	 1145.93
  123 	 918.62 	 1068.48 	 1188.50
  124 	 918.36 	 1068.88 	 1177.73
  125 	 918.76 	 1054.91 	 1146.12
  126 	 917.97 	 1053.14 	 1140.48
  127 	 914.91 	 1056.85 	 1153.14
  128 	 909.87 	 1049.22 	 1159.82
  129 	 895.84 	 1030.94 	 1152.21
  130 	 926.17 	 1044.38 	 1172.00
  131 	 919.59 	 1050.19 	 1165.10
  132 	 918.09 	 1059.16 	 1144.03
  133 	 871.56 	 1041.69 	 1130.42
  134 	 848.10 	 1034.10 	 1132.12
  135 	 864.61 	 1038.86 	 1138.53
  136 	 857.88 	 1030.86 	 1148.73
  137 	 953.19 	 1045.91 	 1149.53
  138 	 916.17 	 1046.51 	 1150.21
  139 	 895.32 	 1037.05 	 1132.99
  140 	 901.19 	 1045.91 	 1154.43
  141 	 904.84 	 1055.38 	 1164.28
  142 	 898.41 	 1060.77 	 1167.80
  143 	 895.10 	 1078.17 	 1178.58
  144 	 883.24 	 1107.81 	 1162.80
  145 	 868.97 	 1106.58 	 1169.85
  146 	 1025.11 	 1094.71 	 1166.65
  147 	 1008.21 	 1091.13 	 1178.30
  148 	 960.63 	 1092.84 	 1184.63
  149 	 963.46 	 1107.82 	 1188.23
 