   0 	 864.62 	 1006.24 	 1136.15
    1 	 863.47 	 1025.92 	 1140.17
    2 	 902.27 	 1026.11 	 1133.44
    3 	 906.25 	 1022.44 	 1176.16
    4 	 904.34 	 1019.30 	 1140.91
    5 	 905.92 	 1015.44 	 1101.88
    6 	 901.64 	 1036.33 	 1145.14
    7 	 910.46 	 1030.34 	 1154.80
    8 	 976.48 	 1051.30 	 1158.84
    9 	 951.27 	 1047.29 	 1165.70
   10 	 985.77 	 1058.63 	 1161.77
   11 	 972.08 	 1067.24 	 1167.95
   12 	 969.42 	 1054.47 	 1160.13
   13 	 961.95 	 1049.00 	 1142.68
   14 	 960.83 	 1045.86 	 1141.45
   15 	 943.28 	 1049.62 	 1151.60
   16 	 950.38 	 1048.87 	 1146.47
   17 	 956.03 	 1050.56 	 1148.48
   18 	 930.25 	 1047.11 	 1166.17
   19 	 940.32 	 1034.89 	 1163.91
   20 	 928.96 	 1034.94 	 1170.50
   21 	 956.89 	 1032.92 	 1145.09
   22 	 950.55 	 1034.05 	 1139.87
   23 	 923.35 	 1031.75 	 1144.05
   24 	 906.61 	 1026.21 	 1148.63
   25 	 916.81 	 1025.19 	 1093.27
   26 	 900.85 	 1020.44 	 1097.01
   27 	 915.14 	 1032.30 	 1126.17
   28 	 909.91 	 1040.40 	 1126.09
   29 	 922.32 	 1027.39 	 1108.21
   30 	 908.10 	 1023.94 	 1131.69
   31 	 915.51 	 1032.11 	 1118.55
   32 	 883.07 	 1051.56 	 1149.94
   33 	 906.06 	 1029.45 	 1119.77
   34 	 916.60 	 1024.59 	 1133.54
   35 	 896.92 	 1019.80 	 1143.88
   36 	 875.52 	 995.16 	 1142.78
   37 	 874.31 	 995.59 	 1133.94
   38 	 872.50 	 999.33 	 1133.70
   39 	 871.10 	 1007.10 	 1152.66
   40 	 855.48 	 1017.18 	 1132.68
   41 	 891.58 	 1040.57 	 1135.35
   42 	 899.74 	 1065.10 	 1158.91
   43 	 937.02 	 1080.30 	 1162.49
   44 	 947.25 	 1076.13 	 1139.67
   45 	 998.39 	 1077.72 	 1168.65
   46 	 992.75 	 1085.51 	 1152.53
   47 	 983.58 	 1086.77 	 1153.48
   48 	 1022.78 	 1085.83 	 1138.41
   49 	 973.36 	 1075.41 	 1137.79
   50 	 932.58 	 1082.94 	 1156.22
   51 	 950.48 	 1067.94 	 1168.83
   52 	 954.75 	 1064.98 	 1172.58
   53 	 947.58 	 1058.17 	 1170.31
   54 	 940.45 	 1069.47 	 1160.15
   55 	 994.74 	 1069.12 	 1145.26
   56 	 985.45 	 1068.51 	 1139.33
   57 	 984.56 	 1068.85 	 1145.46
   58 	 984.81 	 1069.17 	 1158.06
   59 	 948.43 	 1054.63 	 1136.27
   60 	 949.43 	 1051.89 	 1148.97
   61 	 930.50 	 1033.59 	 1089.44
   62 	 952.34 	 1026.19 	 1102.14
   63 	 942.23 	 1022.98 	 1144.34
   64 	 950.27 	 1015.85 	 1140.79
   65 	 942.15 	 1018.25 	 1089.51
   66 	 916.38 	 995.18 	 1092.34
   67 	 929.02 	 1008.59 	 1100.54
   68 	 930.63 	 1000.79 	 1126.67
   69 	 930.69 	 1004.29 	 1082.59
   70 	 936.80 	 1007.82 	 1086.15
   71 	 915.45 	 999.65 	 1103.27
   72 	 859.51 	 987.31 	 1091.81
   73 	 851.54 	 986.22 	 1117.01
   74 	 858.43 	 1007.46 	 1062.70
   75 	 904.51 	 1006.38 	 1064.30
   76 	 935.07 	 1003.54 	 1072.45
   77 	 899.96 	 999.28 	 1084.20
   78 	 867.29 	 1013.53 	 1091.38
   79 	 862.53 	 1006.34 	 1082.41
   80 	 925.25 	 1001.28 	 1085.08
   81 	 895.65 	 1000.58 	 1069.72
   82 	 889.02 	 998.01 	 1099.55
   83 	 869.37 	 992.76 	 1105.47
   84 	 876.60 	 987.67 	 1058.29
   85 	 906.83 	 1009.41 	 1073.06
   86 	 928.20 	 1012.04 	 1069.58
   87 	 872.75 	 1004.31 	 1077.74
   88 	 876.09 	 1020.03 	 1112.06
   89 	 872.38 	 1014.93 	 1115.91
   90 	 869.44 	 1031.27 	 1126.92
   91 	 953.19 	 1046.41 	 1149.40
   92 	 908.27 	 1043.16 	 1138.05
   93 	 913.27 	 1026.59 	 1126.26
   94 	 904.97 	 1018.10 	 1142.75
   95 	 880.31 	 1016.85 	 1133.67
   96 	 905.44 	 1030.31 	 1148.36
   97 	 937.16 	 1025.33 	 1133.75
   98 	 947.64 	 1025.81 	 1150.58
   99 	 926.47 	 1014.64 	 1107.52
  100 	 917.08 	 1024.09 	 1127.08
  101 	 929.87 	 1024.51 	 1186.59
  102 	 930.08 	 1036.85 	 1188.03
  103 	 929.23 	 1049.00 	 1202.70
  104 	 941.42 	 1060.38 	 1186.19
  105 	 941.39 	 1065.50 	 1185.34
  106 	 980.98 	 1053.34 	 1177.91
  107 	 987.04 	 1050.63 	 1182.88
  108 	 991.61 	 1041.59 	 1104.65
  109 	 971.90 	 1045.60 	 1096.32
  110 	 977.92 	 1049.03 	 1115.98
  111 	 981.28 	 1054.82 	 1121.66
  112 	 985.72 	 1056.72 	 1135.94
  113 	 986.31 	 1056.56 	 1113.93
  114 	 998.24 	 1054.15 	 1098.60
  115 	 984.79 	 1046.07 	 1111.00
  116 	 985.01 	 1039.84 	 1097.42
  117 	 969.92 	 1047.22 	 1129.61
  118 	 984.32 	 1043.46 	 1106.80
  119 	 971.30 	 1037.67 	 1106.20
  120 	 987.59 	 1044.35 	 1107.90
  121 	 974.02 	 1045.09 	 1106.59
  122 	 938.96 	 1041.66 	 1103.77
  123 	 973.89 	 1033.24 	 1099.64
  124 	 967.38 	 1026.80 	 1096.78
  125 	 944.76 	 1025.63 	 1103.45
  126 	 885.64 	 1020.96 	 1105.49
  127 	 939.83 	 1018.47 	 1088.43
  128 	 929.75 	 1023.93 	 1102.91
  129 	 904.70 	 1012.12 	 1092.08
  130 	 963.00 	 1023.51 	 1109.64
  131 	 923.90 	 1024.21 	 1109.26
  132 	 921.65 	 1023.13 	 1101.98
  133 	 892.67 	 1019.81 	 1109.83
  134 	 901.63 	 1019.77 	 1120.71
  135 	 905.06 	 1033.20 	 1120.99
  136 	 918.11 	 1030.13 	 1125.59
  137 	 906.04 	 1030.80 	 1133.34
  138 	 892.48 	 1034.41 	 1173.79
  139 	 877.93 	 1042.87 	 1176.81
  140 	 919.79 	 1035.15 	 1124.14
  141 	 961.04 	 1039.03 	 1099.05
  142 	 953.82 	 1030.61 	 1093.36
  143 	 947.59 	 1032.10 	 1099.71
  144 	 932.48 	 1040.27 	 1113.10
  145 	 932.46 	 1047.48 	 1111.94
  146 	 950.87 	 1053.50 	 1131.98
  147 	 917.45 	 1042.14 	 1136.85
  148 	 888.75 	 1042.15 	 1140.05
  149 	 985.79 	 1062.05 	 1149.11
 