   0 	 820.00 	 989.49 	 1119.55
    1 	 826.52 	 1009.50 	 1111.14
    2 	 860.33 	 1023.10 	 1133.24
    3 	 879.74 	 1038.80 	 1155.09
    4 	 902.15 	 1030.92 	 1139.79
    5 	 899.79 	 1036.75 	 1162.24
    6 	 888.76 	 1045.49 	 1161.10
    7 	 907.63 	 1049.71 	 1160.78
    8 	 910.93 	 1062.34 	 1156.43
    9 	 912.90 	 1055.40 	 1176.66
   10 	 890.60 	 1038.59 	 1143.73
   11 	 891.27 	 1027.68 	 1144.94
   12 	 927.82 	 1046.44 	 1139.32
   13 	 940.90 	 1040.76 	 1172.09
   14 	 922.91 	 1034.43 	 1165.87
   15 	 859.16 	 1048.57 	 1182.77
   16 	 856.30 	 1047.67 	 1190.40
   17 	 850.44 	 1046.81 	 1111.23
   18 	 842.99 	 1050.34 	 1165.56
   19 	 938.82 	 1049.67 	 1141.49
   20 	 968.25 	 1054.44 	 1151.31
   21 	 1004.78 	 1073.21 	 1150.98
   22 	 1004.60 	 1074.30 	 1144.70
   23 	 1011.85 	 1082.87 	 1148.79
   24 	 1016.60 	 1085.30 	 1140.01
   25 	 1030.20 	 1091.98 	 1149.08
   26 	 1013.51 	 1091.55 	 1135.74
   27 	 1034.56 	 1097.30 	 1137.77
   28 	 1029.46 	 1104.90 	 1168.03
   29 	 1029.41 	 1104.15 	 1172.66
   30 	 1058.53 	 1108.65 	 1158.53
   31 	 1051.79 	 1111.58 	 1180.97
   32 	 1047.94 	 1112.43 	 1192.62
   33 	 1046.88 	 1109.08 	 1161.41
   34 	 1045.23 	 1120.00 	 1179.23
   35 	 1028.15 	 1119.33 	 1184.69
   36 	 1045.10 	 1116.98 	 1183.08
   37 	 1041.83 	 1113.30 	 1174.75
   38 	 1046.17 	 1116.31 	 1166.02
   39 	 1070.57 	 1116.89 	 1169.48
   40 	 1059.33 	 1111.65 	 1167.44
   41 	 1049.15 	 1112.95 	 1166.94
   42 	 1046.85 	 1110.97 	 1165.09
   43 	 1011.00 	 1104.62 	 1168.31
   44 	 1031.41 	 1106.72 	 1155.79
   45 	 1026.42 	 1105.77 	 1174.64
   46 	 1002.32 	 1115.06 	 1172.10
   47 	 1014.94 	 1106.78 	 1161.00
   48 	 1026.74 	 1106.68 	 1157.45
   49 	 1042.50 	 1097.43 	 1146.49
   50 	 1010.84 	 1095.66 	 1176.56
   51 	 1011.02 	 1098.48 	 1139.36
   52 	 1038.33 	 1105.55 	 1163.48
   53 	 1032.07 	 1107.66 	 1163.62
   54 	 1015.44 	 1106.82 	 1168.08
   55 	 1028.17 	 1107.85 	 1162.16
   56 	 1016.38 	 1111.86 	 1169.45
   57 	 1033.77 	 1119.79 	 1167.37
   58 	 1033.09 	 1120.20 	 1177.42
   59 	 1050.69 	 1120.94 	 1165.62
   60 	 1054.98 	 1122.81 	 1175.92
   61 	 1060.83 	 1121.80 	 1175.43
   62 	 1082.00 	 1124.57 	 1161.65
   63 	 1066.78 	 1129.62 	 1159.92
   64 	 1067.46 	 1132.54 	 1172.00
   65 	 1047.00 	 1129.21 	 1175.50
   66 	 1028.69 	 1129.78 	 1164.06
   67 	 1034.25 	 1125.68 	 1178.49
   68 	 1080.54 	 1131.44 	 1176.81
   69 	 1082.88 	 1132.67 	 1175.66
   70 	 1089.45 	 1122.57 	 1150.30
   71 	 1079.69 	 1126.95 	 1170.89
   72 	 1074.41 	 1122.17 	 1178.81
   73 	 1069.67 	 1128.34 	 1171.08
   74 	 1069.79 	 1122.91 	 1157.90
   75 	 1068.43 	 1123.05 	 1162.77
   76 	 1054.16 	 1116.89 	 1155.37
   77 	 1038.21 	 1118.90 	 1166.77
   78 	 1049.91 	 1121.25 	 1174.30
   79 	 1075.85 	 1124.82 	 1166.19
   80 	 1080.37 	 1124.25 	 1173.64
   81 	 1087.32 	 1122.02 	 1159.66
   82 	 1079.63 	 1122.96 	 1171.00
   83 	 1072.74 	 1120.34 	 1172.01
   84 	 1071.91 	 1128.09 	 1168.14
   85 	 1074.12 	 1120.80 	 1168.35
   86 	 1078.09 	 1124.64 	 1161.34
   87 	 1095.16 	 1128.00 	 1169.73
   88 	 1088.84 	 1129.27 	 1177.71
   89 	 1083.12 	 1122.55 	 1167.34
   90 	 1091.11 	 1119.88 	 1160.49
   91 	 1087.16 	 1118.42 	 1171.73
   92 	 1081.57 	 1123.29 	 1163.17
   93 	 1086.00 	 1122.56 	 1170.03
   94 	 1081.12 	 1119.69 	 1169.17
   95 	 1086.16 	 1119.23 	 1156.39
   96 	 1084.16 	 1118.19 	 1166.14
   97 	 1084.68 	 1118.01 	 1144.26
   98 	 1085.73 	 1119.75 	 1168.87
   99 	 1086.44 	 1119.64 	 1165.99
  100 	 1069.24 	 1122.54 	 1167.69
  101 	 1079.58 	 1121.45 	 1161.34
  102 	 1081.76 	 1119.42 	 1169.12
  103 	 1094.62 	 1125.26 	 1173.56
  104 	 1093.69 	 1126.00 	 1166.61
  105 	 1093.17 	 1134.35 	 1169.53
  106 	 1099.51 	 1134.14 	 1166.19
  107 	 1093.12 	 1136.59 	 1169.24
  108 	 1097.71 	 1136.02 	 1166.13
  109 	 1092.45 	 1138.36 	 1169.48
  110 	 1101.03 	 1138.11 	 1170.16
  111 	 1099.34 	 1132.34 	 1167.49
  112 	 1090.10 	 1131.74 	 1170.04
  113 	 1096.13 	 1130.31 	 1169.72
  114 	 1095.54 	 1132.63 	 1165.90
  115 	 1096.39 	 1125.98 	 1161.33
  116 	 1095.37 	 1130.98 	 1168.86
  117 	 1086.86 	 1130.13 	 1167.79
  118 	 1089.11 	 1134.18 	 1169.19
  119 	 1098.00 	 1130.45 	 1170.56
  120 	 1099.06 	 1133.25 	 1164.28
  121 	 1091.50 	 1132.14 	 1166.34
  122 	 1089.93 	 1130.39 	 1171.07
  123 	 1089.45 	 1129.87 	 1172.89
  124 	 1090.97 	 1129.56 	 1160.73
  125 	 1089.75 	 1125.77 	 1165.55
  126 	 1094.17 	 1131.08 	 1168.45
  127 	 1090.22 	 1124.96 	 1161.74
  128 	 1104.74 	 1128.04 	 1164.92
  129 	 1102.56 	 1128.54 	 1157.44
  130 	 1103.34 	 1131.15 	 1167.94
  131 	 1098.93 	 1134.32 	 1170.33
  132 	 1105.20 	 1132.52 	 1170.59
  133 	 1101.68 	 1130.81 	 1166.81
  134 	 1094.81 	 1129.91 	 1162.87
  135 	 1092.97 	 1128.16 	 1167.66
  136 	 1086.95 	 1124.06 	 1144.26
  137 	 1085.66 	 1124.42 	 1163.38
  138 	 1089.20 	 1118.09 	 1160.82
  139 	 1085.68 	 1121.64 	 1160.56
 