   0 	 836.36 	 1009.57 	 1174.27
    1 	 878.22 	 1019.67 	 1176.25
    2 	 879.04 	 1038.32 	 1170.31
    3 	 901.41 	 1045.85 	 1171.68
    4 	 915.08 	 1055.42 	 1200.47
    5 	 917.55 	 1078.28 	 1208.20
    6 	 921.42 	 1061.07 	 1181.74
    7 	 906.07 	 1054.27 	 1171.29
    8 	 934.85 	 1066.82 	 1201.58
    9 	 936.16 	 1045.58 	 1140.14
   10 	 926.24 	 1050.48 	 1159.17
   11 	 885.61 	 1040.49 	 1150.24
   12 	 884.46 	 1034.52 	 1157.96
   13 	 887.37 	 1031.69 	 1126.02
   14 	 890.47 	 1019.44 	 1151.80
   15 	 873.51 	 1020.54 	 1157.15
   16 	 872.25 	 1015.89 	 1112.18
   17 	 859.30 	 1015.87 	 1094.08
   18 	 925.36 	 1028.73 	 1118.81
   19 	 911.64 	 1024.11 	 1112.42
   20 	 964.35 	 1035.53 	 1136.83
   21 	 953.32 	 1035.94 	 1141.96
   22 	 946.31 	 1044.28 	 1139.51
   23 	 991.50 	 1056.94 	 1138.39
   24 	 1000.42 	 1053.33 	 1131.63
   25 	 956.32 	 1054.90 	 1137.41
   26 	 985.20 	 1051.19 	 1133.98
   27 	 994.62 	 1062.55 	 1129.44
   28 	 989.36 	 1074.40 	 1147.13
   29 	 977.79 	 1069.45 	 1147.74
   30 	 953.84 	 1071.29 	 1150.09
   31 	 1007.65 	 1080.29 	 1139.87
   32 	 1007.50 	 1082.77 	 1135.54
   33 	 1018.54 	 1088.25 	 1152.17
   34 	 1000.35 	 1081.47 	 1139.93
   35 	 1046.19 	 1097.91 	 1157.67
   36 	 1006.37 	 1092.18 	 1154.89
   37 	 1047.22 	 1096.07 	 1156.46
   38 	 1036.89 	 1091.97 	 1160.38
   39 	 1039.29 	 1085.54 	 1177.13
   40 	 1031.72 	 1097.01 	 1143.25
   41 	 1037.70 	 1086.31 	 1129.33
   42 	 1020.20 	 1088.12 	 1135.99
   43 	 1041.26 	 1091.65 	 1140.62
   44 	 1041.45 	 1087.93 	 1139.45
   45 	 1015.63 	 1087.28 	 1150.79
   46 	 1006.91 	 1079.95 	 1152.52
   47 	 990.75 	 1079.50 	 1153.33
   48 	 971.99 	 1066.94 	 1158.11
   49 	 969.38 	 1063.91 	 1153.15
   50 	 990.91 	 1063.57 	 1119.30
   51 	 1008.42 	 1064.67 	 1115.06
   52 	 1000.70 	 1062.71 	 1107.38
   53 	 1014.72 	 1068.19 	 1104.52
   54 	 1007.49 	 1062.26 	 1119.35
   55 	 993.82 	 1053.58 	 1124.53
   56 	 1004.44 	 1051.34 	 1096.22
   57 	 968.84 	 1050.54 	 1095.45
   58 	 987.44 	 1049.16 	 1117.21
   59 	 1000.48 	 1052.21 	 1113.74
   60 	 991.10 	 1055.77 	 1093.69
   61 	 1006.95 	 1054.67 	 1097.28
   62 	 1003.68 	 1054.30 	 1096.05
   63 	 992.19 	 1055.90 	 1096.15
   64 	 995.81 	 1062.60 	 1113.80
   65 	 997.59 	 1070.66 	 1120.55
   66 	 982.72 	 1067.66 	 1120.90
   67 	 991.49 	 1068.31 	 1112.03
   68 	 1000.49 	 1068.79 	 1128.41
   69 	 998.64 	 1076.21 	 1136.60
   70 	 1010.63 	 1089.09 	 1131.30
   71 	 1003.18 	 1092.31 	 1132.98
   72 	 1002.77 	 1091.13 	 1134.66
   73 	 1002.54 	 1090.94 	 1135.49
   74 	 985.88 	 1087.72 	 1114.71
   75 	 995.91 	 1083.00 	 1111.98
   76 	 998.31 	 1071.85 	 1118.55
   77 	 990.45 	 1057.26 	 1123.26
   78 	 995.99 	 1051.36 	 1108.64
   79 	 991.61 	 1046.49 	 1101.70
   80 	 977.42 	 1043.22 	 1103.12
   81 	 973.63 	 1042.03 	 1109.20
   82 	 972.94 	 1031.95 	 1110.33
   83 	 976.97 	 1034.45 	 1092.43
   84 	 978.48 	 1041.31 	 1111.32
   85 	 981.78 	 1039.91 	 1095.26
   86 	 975.93 	 1040.88 	 1100.06
   87 	 975.12 	 1029.56 	 1085.17
   88 	 983.22 	 1034.94 	 1096.60
   89 	 980.76 	 1023.70 	 1091.89
   90 	 986.20 	 1025.31 	 1081.72
   91 	 985.21 	 1026.01 	 1099.46
   92 	 986.53 	 1029.76 	 1092.60
   93 	 987.70 	 1029.88 	 1086.07
   94 	 989.65 	 1028.64 	 1108.66
   95 	 983.61 	 1019.40 	 1081.39
   96 	 974.12 	 1018.90 	 1076.69
   97 	 991.40 	 1015.49 	 1049.65
   98 	 980.87 	 1009.95 	 1054.36
   99 	 989.99 	 1014.27 	 1069.09
  100 	 986.87 	 1013.05 	 1043.56
  101 	 988.82 	 1012.58 	 1038.27
  102 	 959.07 	 1012.14 	 1042.63
  103 	 964.71 	 1011.02 	 1049.33
  104 	 958.86 	 1006.91 	 1045.31
  105 	 971.77 	 1009.47 	 1050.51
  106 	 963.49 	 1008.43 	 1036.70
  107 	 982.44 	 1009.03 	 1045.95
  108 	 984.84 	 1009.93 	 1053.35
  109 	 982.03 	 1009.41 	 1050.21
  110 	 983.20 	 1006.80 	 1044.53
  111 	 982.99 	 1006.23 	 1051.62
  112 	 992.20 	 1006.60 	 1052.27
  113 	 990.16 	 1004.51 	 1045.70
  114 	 991.72 	 1007.04 	 1037.81
  115 	 989.01 	 1012.55 	 1047.93
  116 	 963.37 	 1009.05 	 1054.34
  117 	 965.27 	 1007.08 	 1047.39
  118 	 967.91 	 1006.43 	 1047.22
  119 	 972.32 	 1014.55 	 1056.91
  120 	 967.69 	 1012.48 	 1052.12
  121 	 973.31 	 1016.35 	 1056.53
  122 	 976.77 	 1010.25 	 1035.83
  123 	 975.85 	 1007.52 	 1040.40
  124 	 972.30 	 1006.96 	 1038.82
  125 	 969.52 	 1005.84 	 1030.65
  126 	 954.09 	 1003.57 	 1039.03
  127 	 960.56 	 1004.63 	 1033.69
  128 	 963.54 	 1009.90 	 1047.67
  129 	 959.41 	 1011.09 	 1042.74
  130 	 959.73 	 1007.95 	 1041.67
  131 	 959.68 	 1008.20 	 1041.53
  132 	 965.84 	 1008.69 	 1038.60
  133 	 965.06 	 1008.74 	 1052.16
  134 	 968.87 	 1010.73 	 1059.20
  135 	 979.38 	 1014.78 	 1043.53
  136 	 989.15 	 1017.23 	 1039.18
  137 	 988.52 	 1017.59 	 1048.32
  138 	 991.31 	 1018.36 	 1051.46
  139 	 991.07 	 1019.94 	 1040.41
 