   0 	 881.30 	 993.28 	 1156.31
    1 	 896.26 	 990.72 	 1153.04
    2 	 871.92 	 1000.40 	 1152.98
    3 	 930.82 	 1004.11 	 1160.55
    4 	 833.12 	 993.73 	 1120.06
    5 	 889.19 	 995.34 	 1097.13
    6 	 851.18 	 988.66 	 1132.86
    7 	 865.69 	 978.84 	 1125.02
    8 	 862.59 	 984.99 	 1123.85
    9 	 877.37 	 979.37 	 1120.17
   10 	 863.48 	 970.40 	 1188.02
   11 	 867.63 	 981.96 	 1087.59
   12 	 910.05 	 994.86 	 1096.04
   13 	 867.33 	 998.19 	 1087.52
   14 	 892.24 	 1002.56 	 1099.83
   15 	 852.96 	 1005.21 	 1125.84
   16 	 908.58 	 1018.16 	 1124.97
   17 	 914.62 	 1023.25 	 1131.54
   18 	 870.10 	 1041.70 	 1141.09
   19 	 942.26 	 1053.25 	 1159.92
   20 	 952.78 	 1051.69 	 1142.18
   21 	 948.10 	 1050.87 	 1141.52
   22 	 927.53 	 1061.69 	 1157.71
   23 	 975.34 	 1064.63 	 1164.11
   24 	 963.20 	 1066.53 	 1142.38
   25 	 952.12 	 1075.34 	 1168.64
   26 	 928.91 	 1058.73 	 1145.22
   27 	 986.35 	 1051.72 	 1143.74
   28 	 998.82 	 1063.08 	 1163.23
   29 	 971.41 	 1061.28 	 1150.78
   30 	 976.33 	 1048.00 	 1143.68
   31 	 991.26 	 1046.39 	 1138.03
   32 	 940.31 	 1041.48 	 1129.85
   33 	 944.20 	 1041.90 	 1142.37
   34 	 933.62 	 1046.60 	 1147.20
   35 	 943.24 	 1040.02 	 1143.29
   36 	 970.38 	 1054.35 	 1146.15
   37 	 976.59 	 1059.54 	 1143.31
   38 	 975.95 	 1057.26 	 1163.58
   39 	 993.37 	 1058.57 	 1146.48
   40 	 990.03 	 1062.20 	 1149.94
   41 	 1005.37 	 1067.29 	 1141.30
   42 	 1002.74 	 1073.83 	 1139.74
   43 	 1020.98 	 1072.20 	 1142.86
   44 	 1009.46 	 1076.75 	 1138.24
   45 	 1009.98 	 1070.30 	 1124.76
   46 	 1026.51 	 1079.80 	 1146.89
   47 	 1016.27 	 1081.18 	 1161.53
   48 	 1017.84 	 1082.25 	 1150.61
   49 	 1034.97 	 1076.46 	 1126.55
   50 	 1001.69 	 1083.34 	 1123.37
   51 	 1034.84 	 1086.37 	 1117.18
   52 	 1012.35 	 1082.87 	 1129.34
   53 	 1042.74 	 1087.59 	 1130.22
   54 	 1045.72 	 1086.37 	 1129.54
   55 	 1033.91 	 1080.29 	 1122.74
   56 	 1022.92 	 1075.57 	 1114.48
   57 	 1018.69 	 1073.66 	 1116.55
   58 	 1024.53 	 1076.31 	 1118.54
   59 	 1011.17 	 1080.07 	 1117.92
   60 	 1017.92 	 1079.27 	 1120.40
   61 	 1020.24 	 1084.76 	 1114.68
   62 	 1014.05 	 1076.40 	 1123.04
   63 	 1017.98 	 1075.73 	 1129.97
   64 	 1020.56 	 1081.53 	 1128.34
   65 	 1019.56 	 1084.65 	 1121.53
   66 	 1013.32 	 1089.86 	 1136.25
   67 	 1037.87 	 1092.29 	 1137.04
   68 	 1034.69 	 1087.98 	 1139.05
   69 	 1036.41 	 1082.84 	 1131.21
   70 	 1002.12 	 1088.87 	 1149.71
   71 	 993.86 	 1084.82 	 1138.43
   72 	 1036.88 	 1090.76 	 1135.69
   73 	 1034.55 	 1096.59 	 1138.31
   74 	 1030.86 	 1095.10 	 1148.78
   75 	 1031.05 	 1098.29 	 1143.57
   76 	 1041.24 	 1102.01 	 1145.55
   77 	 1025.28 	 1100.59 	 1136.74
   78 	 1054.94 	 1110.76 	 1143.25
   79 	 1020.89 	 1108.21 	 1138.65
   80 	 1055.72 	 1106.05 	 1138.73
   81 	 1058.70 	 1107.12 	 1132.87
   82 	 1052.69 	 1108.61 	 1131.67
   83 	 1052.01 	 1110.07 	 1132.75
   84 	 1094.96 	 1116.61 	 1141.72
   85 	 1096.74 	 1115.89 	 1133.22
   86 	 1095.83 	 1115.07 	 1136.26
   87 	 1092.52 	 1117.69 	 1136.75
   88 	 1092.43 	 1117.01 	 1145.55
   89 	 1091.30 	 1116.21 	 1133.13
   90 	 1088.62 	 1114.92 	 1148.21
   91 	 1081.87 	 1114.18 	 1140.76
   92 	 1087.30 	 1114.14 	 1142.02
   93 	 1089.32 	 1113.99 	 1131.67
   94 	 1088.81 	 1112.34 	 1141.67
   95 	 1083.61 	 1110.08 	 1138.02
   96 	 1081.84 	 1110.59 	 1131.33
   97 	 1064.73 	 1111.40 	 1129.45
   98 	 1063.29 	 1108.76 	 1134.87
   99 	 1070.33 	 1108.78 	 1126.04
  100 	 1074.20 	 1107.21 	 1130.05
  101 	 1074.64 	 1104.74 	 1124.74
  102 	 1080.50 	 1103.98 	 1128.98
  103 	 1075.81 	 1104.64 	 1129.83
  104 	 1072.89 	 1105.85 	 1163.10
  105 	 1071.78 	 1105.61 	 1163.99
  106 	 1070.68 	 1105.19 	 1167.20
  107 	 1074.51 	 1108.43 	 1163.79
  108 	 1074.43 	 1105.89 	 1164.22
  109 	 1066.23 	 1111.39 	 1163.21
  110 	 1073.48 	 1110.65 	 1145.46
  111 	 1075.53 	 1112.14 	 1144.03
  112 	 1073.18 	 1112.38 	 1158.86
  113 	 1087.94 	 1116.28 	 1158.07
  114 	 1090.41 	 1120.07 	 1169.16
  115 	 1082.70 	 1118.73 	 1163.12
  116 	 1061.30 	 1118.34 	 1167.63
  117 	 1081.87 	 1115.98 	 1160.55
  118 	 1073.21 	 1118.14 	 1167.01
  119 	 1094.49 	 1121.04 	 1161.18
  120 	 1093.37 	 1115.23 	 1167.93
  121 	 1092.22 	 1116.25 	 1172.82
  122 	 1089.22 	 1117.22 	 1163.89
  123 	 1097.48 	 1116.20 	 1171.25
  124 	 1102.04 	 1115.27 	 1164.41
  125 	 1094.03 	 1113.97 	 1160.89
  126 	 1089.90 	 1111.61 	 1127.76
  127 	 1099.24 	 1113.53 	 1127.23
  128 	 1092.91 	 1109.80 	 1129.06
  129 	 1086.15 	 1111.23 	 1128.58
  130 	 1077.39 	 1109.62 	 1120.74
  131 	 1094.19 	 1115.68 	 1126.93
  132 	 1095.28 	 1114.32 	 1135.89
  133 	 1093.74 	 1113.78 	 1134.60
  134 	 1092.03 	 1113.38 	 1122.75
  135 	 1095.81 	 1115.52 	 1130.93
  136 	 1091.56 	 1115.92 	 1131.88
  137 	 1097.09 	 1115.66 	 1125.24
  138 	 1094.61 	 1114.29 	 1125.83
  139 	 1101.96 	 1114.91 	 1126.03
 