   0 	 885.37 	 998.87 	 1127.94
    1 	 824.06 	 1003.42 	 1143.43
    2 	 889.19 	 1003.76 	 1151.47
    3 	 844.67 	 995.66 	 1115.45
    4 	 821.98 	 1006.85 	 1124.44
    5 	 841.67 	 1016.57 	 1145.98
    6 	 877.29 	 1038.89 	 1139.46
    7 	 908.43 	 1047.87 	 1160.51
    8 	 968.86 	 1046.82 	 1139.92
    9 	 941.94 	 1050.50 	 1138.80
   10 	 953.28 	 1060.20 	 1145.29
   11 	 969.41 	 1061.49 	 1123.61
   12 	 988.71 	 1060.01 	 1137.13
   13 	 1010.81 	 1062.64 	 1111.26
   14 	 965.10 	 1060.60 	 1119.99
   15 	 1005.12 	 1068.77 	 1119.30
   16 	 1008.79 	 1073.18 	 1127.05
   17 	 985.92 	 1075.62 	 1146.57
   18 	 1002.48 	 1086.11 	 1146.19
   19 	 1019.19 	 1089.92 	 1143.51
   20 	 1028.72 	 1094.14 	 1146.94
   21 	 1033.82 	 1098.56 	 1177.94
   22 	 1025.19 	 1090.86 	 1161.31
   23 	 1014.15 	 1089.44 	 1152.99
   24 	 1008.11 	 1096.31 	 1174.57
   25 	 1032.77 	 1107.49 	 1153.46
   26 	 1034.62 	 1111.34 	 1165.47
   27 	 1055.78 	 1110.54 	 1164.79
   28 	 1065.95 	 1115.63 	 1173.29
   29 	 1039.54 	 1109.36 	 1156.57
   30 	 1040.31 	 1112.58 	 1173.29
   31 	 1041.46 	 1116.75 	 1184.56
   32 	 1037.13 	 1106.63 	 1187.40
   33 	 1045.10 	 1099.58 	 1156.65
   34 	 1049.50 	 1090.91 	 1149.08
   35 	 1034.07 	 1089.49 	 1143.01
   36 	 1033.65 	 1097.70 	 1138.27
   37 	 1042.23 	 1096.43 	 1140.07
   38 	 1042.80 	 1091.09 	 1138.84
   39 	 1041.45 	 1086.51 	 1138.54
   40 	 1031.47 	 1086.12 	 1176.78
   41 	 1030.41 	 1084.75 	 1132.44
   42 	 1024.22 	 1090.94 	 1156.16
   43 	 1029.70 	 1083.01 	 1155.41
   44 	 1036.14 	 1087.94 	 1157.70
   45 	 1034.19 	 1091.68 	 1146.86
   46 	 1027.93 	 1085.16 	 1150.12
   47 	 1022.53 	 1086.41 	 1126.64
   48 	 1005.29 	 1084.20 	 1151.08
   49 	 1038.66 	 1088.29 	 1126.27
   50 	 1034.80 	 1085.71 	 1116.71
   51 	 1011.69 	 1080.12 	 1118.88
   52 	 1040.57 	 1080.79 	 1127.88
   53 	 1033.11 	 1074.76 	 1121.51
   54 	 1004.30 	 1070.69 	 1134.02
   55 	 1008.63 	 1075.71 	 1145.20
   56 	 1007.71 	 1078.22 	 1130.03
   57 	 998.06 	 1080.91 	 1122.73
   58 	 1010.55 	 1073.55 	 1126.91
   59 	 1035.49 	 1067.88 	 1119.43
   60 	 1026.88 	 1062.31 	 1097.67
   61 	 1011.70 	 1067.84 	 1130.19
   62 	 1010.56 	 1069.95 	 1124.35
   63 	 1009.64 	 1067.53 	 1121.16
   64 	 1021.22 	 1070.83 	 1113.05
   65 	 1013.24 	 1066.08 	 1113.13
   66 	 1011.76 	 1074.14 	 1124.51
   67 	 1008.35 	 1077.84 	 1120.82
   68 	 991.80 	 1072.01 	 1123.73
   69 	 988.95 	 1072.47 	 1122.06
   70 	 1010.73 	 1082.15 	 1133.84
   71 	 1016.79 	 1077.59 	 1136.51
   72 	 1003.94 	 1079.18 	 1115.52
   73 	 993.40 	 1085.74 	 1150.83
   74 	 1049.36 	 1089.45 	 1147.38
   75 	 1029.48 	 1089.42 	 1116.47
   76 	 1043.77 	 1089.83 	 1150.57
   77 	 1025.67 	 1086.97 	 1142.03
   78 	 1023.21 	 1088.60 	 1147.91
   79 	 1047.03 	 1086.67 	 1142.48
   80 	 1042.77 	 1080.03 	 1133.88
   81 	 1031.76 	 1085.42 	 1144.31
   82 	 1014.64 	 1079.57 	 1140.31
   83 	 1015.01 	 1073.72 	 1132.14
   84 	 1010.95 	 1073.86 	 1144.67
   85 	 1013.04 	 1073.18 	 1139.12
   86 	 1029.49 	 1084.88 	 1150.43
   87 	 1024.89 	 1078.67 	 1127.25
   88 	 1040.61 	 1085.62 	 1129.05
   89 	 1033.50 	 1085.96 	 1125.09
   90 	 1038.53 	 1094.02 	 1139.70
   91 	 1025.90 	 1092.62 	 1142.38
   92 	 1043.45 	 1088.84 	 1127.91
   93 	 1042.53 	 1087.84 	 1132.63
   94 	 1037.17 	 1088.44 	 1130.33
   95 	 1034.61 	 1086.54 	 1135.06
   96 	 1041.11 	 1088.51 	 1131.03
   97 	 1035.34 	 1082.54 	 1130.47
   98 	 1036.15 	 1081.45 	 1129.97
   99 	 1033.77 	 1078.51 	 1128.63
  100 	 1029.98 	 1082.95 	 1120.83
  101 	 1042.66 	 1085.93 	 1129.56
  102 	 1033.21 	 1085.58 	 1136.96
  103 	 1039.61 	 1085.08 	 1128.21
  104 	 1039.62 	 1088.21 	 1129.82
  105 	 1045.21 	 1087.24 	 1128.88
  106 	 1058.87 	 1089.65 	 1128.82
  107 	 1063.73 	 1093.76 	 1127.99
  108 	 1056.35 	 1085.28 	 1131.29
  109 	 1055.48 	 1083.39 	 1127.31
  110 	 1050.72 	 1077.61 	 1100.59
  111 	 1054.46 	 1079.04 	 1107.05
  112 	 1049.21 	 1079.06 	 1092.82
  113 	 1050.72 	 1082.95 	 1113.64
  114 	 1050.95 	 1084.15 	 1102.77
  115 	 1049.42 	 1083.30 	 1099.91
  116 	 1053.68 	 1082.22 	 1100.64
  117 	 1063.30 	 1081.96 	 1097.09
  118 	 1065.08 	 1083.99 	 1097.11
  119 	 1058.96 	 1083.03 	 1100.57
  120 	 1065.62 	 1084.68 	 1100.94
  121 	 1064.76 	 1081.26 	 1100.34
  122 	 1059.06 	 1082.67 	 1095.88
  123 	 1056.98 	 1081.00 	 1098.46
  124 	 1059.56 	 1077.44 	 1094.08
  125 	 1054.07 	 1074.09 	 1087.78
  126 	 1059.02 	 1075.37 	 1094.22
  127 	 1057.64 	 1076.47 	 1097.59
  128 	 1055.97 	 1075.96 	 1095.82
  129 	 1055.99 	 1077.80 	 1098.56
  130 	 1059.85 	 1077.12 	 1092.99
  131 	 1062.19 	 1076.76 	 1117.50
  132 	 1057.51 	 1075.58 	 1094.16
  133 	 1056.05 	 1076.51 	 1093.02
  134 	 1054.80 	 1073.80 	 1099.91
  135 	 1051.52 	 1073.54 	 1093.67
  136 	 1055.60 	 1076.02 	 1097.26
  137 	 1056.75 	 1074.69 	 1093.65
  138 	 1058.12 	 1075.26 	 1093.81
  139 	 1049.99 	 1075.42 	 1095.32
 