   0 	 785.86 	 993.35 	 1102.88
    1 	 901.56 	 1007.40 	 1147.03
    2 	 837.54 	 1018.65 	 1121.79
    3 	 945.62 	 1039.42 	 1115.59
    4 	 954.99 	 1054.18 	 1137.99
    5 	 923.00 	 1066.95 	 1159.68
    6 	 961.86 	 1066.33 	 1152.74
    7 	 909.98 	 1065.54 	 1153.57
    8 	 918.58 	 1070.94 	 1173.86
    9 	 934.76 	 1083.66 	 1172.69
   10 	 1022.52 	 1089.57 	 1180.64
   11 	 1017.57 	 1102.96 	 1200.97
   12 	 1028.38 	 1100.92 	 1193.05
   13 	 1024.20 	 1110.99 	 1191.70
   14 	 1052.82 	 1118.72 	 1202.43
   15 	 1033.48 	 1126.72 	 1193.10
   16 	 1031.21 	 1126.08 	 1200.04
   17 	 1039.74 	 1119.58 	 1196.93
   18 	 1030.26 	 1119.95 	 1200.83
   19 	 1036.49 	 1110.67 	 1182.33
   20 	 1028.02 	 1107.91 	 1180.04
   21 	 1037.64 	 1116.69 	 1173.76
   22 	 1035.00 	 1117.88 	 1192.28
   23 	 1044.16 	 1127.19 	 1180.21
   24 	 1012.05 	 1117.98 	 1176.83
   25 	 1015.94 	 1122.52 	 1165.07
   26 	 1007.79 	 1124.32 	 1172.51
   27 	 1051.70 	 1127.91 	 1186.80
   28 	 1066.30 	 1121.56 	 1188.51
   29 	 1076.50 	 1122.37 	 1184.39
   30 	 1038.11 	 1121.20 	 1186.62
   31 	 1042.27 	 1115.49 	 1197.22
   32 	 1044.16 	 1117.74 	 1199.37
   33 	 1050.00 	 1122.72 	 1196.48
   34 	 1044.12 	 1117.81 	 1186.35
   35 	 1063.78 	 1120.82 	 1183.44
   36 	 1075.55 	 1123.90 	 1157.29
   37 	 1061.65 	 1121.50 	 1165.91
   38 	 1040.20 	 1119.60 	 1187.79
   39 	 1031.94 	 1120.36 	 1167.61
   40 	 1039.38 	 1114.78 	 1161.67
   41 	 1037.51 	 1110.63 	 1178.13
   42 	 1041.25 	 1113.31 	 1163.48
   43 	 1036.08 	 1112.25 	 1161.07
   44 	 1038.07 	 1110.66 	 1160.66
   45 	 1045.08 	 1107.73 	 1165.05
   46 	 1023.92 	 1118.98 	 1168.90
   47 	 1029.14 	 1122.55 	 1187.85
   48 	 1043.51 	 1120.63 	 1191.37
   49 	 1039.09 	 1112.53 	 1183.64
   50 	 1060.08 	 1121.12 	 1173.61
   51 	 1048.44 	 1121.77 	 1168.27
   52 	 1049.87 	 1128.64 	 1171.38
   53 	 1094.66 	 1139.53 	 1174.71
   54 	 1076.69 	 1139.85 	 1174.06
   55 	 1071.06 	 1140.38 	 1176.09
   56 	 1079.98 	 1138.91 	 1177.24
   57 	 1072.43 	 1142.52 	 1182.12
   58 	 1092.92 	 1140.60 	 1180.56
   59 	 1080.52 	 1140.38 	 1174.64
   60 	 1075.40 	 1140.31 	 1179.86
   61 	 1082.62 	 1142.51 	 1182.93
   62 	 1061.71 	 1138.04 	 1173.13
   63 	 1104.74 	 1144.25 	 1179.63
   64 	 1112.32 	 1149.50 	 1182.74
   65 	 1058.97 	 1148.02 	 1177.13
   66 	 1043.81 	 1144.91 	 1173.21
   67 	 1084.48 	 1143.69 	 1175.25
   68 	 1063.68 	 1141.51 	 1171.93
   69 	 1049.36 	 1136.99 	 1173.05
   70 	 1089.88 	 1142.16 	 1178.97
   71 	 1088.81 	 1137.45 	 1175.52
   72 	 1103.77 	 1136.75 	 1170.81
   73 	 1100.16 	 1134.30 	 1150.45
   74 	 1066.05 	 1131.06 	 1163.49
   75 	 1059.18 	 1131.29 	 1176.55
   76 	 1059.75 	 1129.64 	 1169.61
   77 	 1098.53 	 1131.36 	 1162.57
   78 	 1103.96 	 1128.40 	 1160.24
   79 	 1101.84 	 1129.88 	 1157.58
   80 	 1102.47 	 1130.40 	 1157.72
   81 	 1099.00 	 1126.72 	 1145.27
   82 	 1100.70 	 1130.31 	 1152.59
   83 	 1104.47 	 1131.71 	 1154.78
   84 	 1100.30 	 1130.92 	 1154.59
   85 	 1103.06 	 1131.56 	 1154.63
   86 	 1077.43 	 1136.47 	 1153.59
   87 	 1101.00 	 1135.94 	 1152.65
   88 	 1094.66 	 1135.75 	 1153.69
   89 	 1100.08 	 1131.40 	 1150.63
   90 	 1100.87 	 1130.10 	 1149.22
   91 	 1101.59 	 1131.48 	 1149.02
   92 	 1105.15 	 1134.20 	 1150.79
   93 	 1099.66 	 1131.20 	 1155.92
   94 	 1096.57 	 1130.14 	 1150.82
   95 	 1101.56 	 1125.86 	 1151.78
   96 	 1100.25 	 1126.90 	 1155.66
   97 	 1099.48 	 1124.84 	 1150.18
   98 	 1096.58 	 1123.98 	 1153.94
   99 	 1098.94 	 1121.31 	 1148.77
  100 	 1098.95 	 1121.45 	 1145.97
  101 	 1098.37 	 1122.91 	 1155.09
  102 	 1103.80 	 1121.11 	 1148.32
  103 	 1093.22 	 1121.67 	 1150.61
  104 	 1098.22 	 1122.89 	 1156.56
  105 	 1101.44 	 1124.70 	 1159.37
  106 	 1102.91 	 1132.16 	 1155.36
  107 	 1103.48 	 1135.75 	 1152.92
  108 	 1099.74 	 1136.52 	 1160.56
  109 	 1103.57 	 1137.41 	 1153.38
  110 	 1101.84 	 1137.07 	 1152.02
  111 	 1069.29 	 1137.05 	 1155.18
  112 	 1109.19 	 1141.47 	 1158.59
  113 	 1108.26 	 1140.54 	 1151.25
  114 	 1106.74 	 1140.10 	 1151.76
  115 	 1102.20 	 1136.81 	 1150.95
  116 	 1103.24 	 1138.11 	 1149.61
  117 	 1097.31 	 1136.38 	 1158.65
  118 	 1101.71 	 1137.30 	 1153.04
  119 	 1107.59 	 1134.81 	 1155.41
  120 	 1106.82 	 1138.35 	 1159.24
  121 	 1101.99 	 1138.53 	 1150.36
  122 	 1104.69 	 1138.44 	 1152.72
  123 	 1106.64 	 1138.78 	 1151.41
  124 	 1100.03 	 1139.66 	 1162.22
  125 	 1118.40 	 1139.47 	 1155.68
  126 	 1127.44 	 1142.22 	 1156.33
  127 	 1131.92 	 1144.00 	 1167.46
  128 	 1131.73 	 1144.87 	 1165.96
  129 	 1129.52 	 1147.35 	 1167.06
  130 	 1129.18 	 1147.59 	 1170.21
  131 	 1107.25 	 1147.75 	 1165.41
  132 	 1120.58 	 1147.55 	 1169.97
  133 	 1118.46 	 1147.84 	 1173.63
  134 	 1119.75 	 1147.21 	 1174.22
  135 	 1111.19 	 1145.78 	 1173.76
  136 	 1119.54 	 1146.18 	 1172.05
  137 	 1128.92 	 1148.57 	 1171.89
  138 	 1125.81 	 1147.24 	 1183.59
  139 	 1113.61 	 1146.06 	 1170.09
 