   0 	 848.52 	 989.20 	 1185.75
    1 	 808.71 	 1001.40 	 1174.54
    2 	 830.80 	 997.87 	 1138.65
    3 	 845.20 	 1001.34 	 1092.01
    4 	 938.00 	 1023.83 	 1108.10
    5 	 908.28 	 1020.30 	 1111.72
    6 	 836.98 	 1006.59 	 1120.67
    7 	 891.12 	 1002.96 	 1124.11
    8 	 873.79 	 979.12 	 1084.46
    9 	 880.86 	 982.79 	 1097.65
   10 	 896.77 	 988.62 	 1060.39
   11 	 895.62 	 1010.26 	 1082.91
   12 	 878.06 	 1014.26 	 1102.23
   13 	 857.93 	 992.61 	 1097.80
   14 	 834.28 	 984.48 	 1107.51
   15 	 905.89 	 997.40 	 1080.45
   16 	 877.70 	 1002.86 	 1141.53
   17 	 841.91 	 1009.93 	 1114.83
   18 	 846.52 	 1009.08 	 1108.72
   19 	 839.36 	 1014.39 	 1116.27
   20 	 850.79 	 1008.05 	 1154.28
   21 	 822.47 	 1015.26 	 1131.21
   22 	 892.23 	 1024.07 	 1136.77
   23 	 878.87 	 1024.01 	 1116.06
   24 	 900.71 	 1031.90 	 1123.22
   25 	 956.10 	 1048.10 	 1123.35
   26 	 902.11 	 1037.01 	 1120.13
   27 	 890.84 	 1022.08 	 1104.23
   28 	 891.97 	 1024.30 	 1106.99
   29 	 916.17 	 1015.61 	 1113.01
   30 	 923.21 	 1018.56 	 1096.01
   31 	 850.20 	 1012.21 	 1127.54
   32 	 912.71 	 1019.46 	 1106.41
   33 	 911.60 	 1016.57 	 1142.65
   34 	 879.32 	 1013.70 	 1133.43
   35 	 911.92 	 1034.62 	 1123.65
   36 	 984.08 	 1062.36 	 1125.17
   37 	 933.91 	 1052.13 	 1139.38
   38 	 946.67 	 1062.91 	 1141.41
   39 	 957.53 	 1065.83 	 1137.85
   40 	 922.15 	 1062.34 	 1139.65
   41 	 935.96 	 1063.83 	 1179.48
   42 	 913.56 	 1061.53 	 1152.32
   43 	 942.80 	 1067.11 	 1143.51
   44 	 894.49 	 1053.46 	 1137.64
   45 	 912.08 	 1045.19 	 1125.78
   46 	 933.49 	 1045.04 	 1138.17
   47 	 882.23 	 1043.71 	 1149.71
   48 	 952.52 	 1045.10 	 1145.61
   49 	 932.88 	 1027.06 	 1110.29
   50 	 910.77 	 1032.61 	 1118.61
   51 	 971.88 	 1033.55 	 1123.02
   52 	 955.92 	 1031.37 	 1116.35
   53 	 942.01 	 1034.36 	 1126.04
   54 	 879.08 	 1026.16 	 1083.25
   55 	 879.84 	 1011.51 	 1094.43
   56 	 890.35 	 1015.05 	 1101.18
   57 	 874.55 	 1023.45 	 1114.85
   58 	 904.55 	 1031.57 	 1105.60
   59 	 883.79 	 1036.68 	 1124.16
   60 	 966.95 	 1033.67 	 1143.27
   61 	 950.62 	 1047.74 	 1160.36
   62 	 908.52 	 1038.19 	 1150.90
   63 	 896.02 	 1053.17 	 1182.17
   64 	 941.30 	 1064.36 	 1200.32
   65 	 960.35 	 1072.02 	 1199.06
   66 	 920.10 	 1087.91 	 1188.00
   67 	 896.10 	 1082.36 	 1187.76
   68 	 962.51 	 1082.54 	 1202.42
   69 	 955.25 	 1084.04 	 1166.79
   70 	 953.74 	 1084.15 	 1169.71
   71 	 942.35 	 1084.13 	 1166.36
   72 	 887.18 	 1060.64 	 1143.50
   73 	 928.83 	 1066.65 	 1153.65
   74 	 930.82 	 1060.31 	 1152.19
   75 	 925.93 	 1068.00 	 1203.83
   76 	 917.79 	 1076.41 	 1190.24
   77 	 980.14 	 1090.34 	 1148.37
   78 	 980.72 	 1088.05 	 1188.69
   79 	 981.30 	 1084.77 	 1190.02
   80 	 920.46 	 1068.81 	 1164.53
   81 	 940.03 	 1063.43 	 1174.75
   82 	 920.03 	 1080.62 	 1188.44
   83 	 895.94 	 1073.39 	 1206.25
   84 	 909.37 	 1067.27 	 1206.98
   85 	 985.22 	 1068.91 	 1169.12
   86 	 888.84 	 1045.32 	 1184.05
   87 	 919.21 	 1070.35 	 1193.46
   88 	 952.25 	 1078.64 	 1192.12
   89 	 983.70 	 1079.11 	 1158.04
   90 	 955.01 	 1085.21 	 1193.59
   91 	 950.87 	 1078.28 	 1161.84
   92 	 930.45 	 1075.53 	 1168.00
   93 	 944.83 	 1086.03 	 1150.08
   94 	 969.61 	 1079.38 	 1165.15
   95 	 886.09 	 1071.05 	 1166.87
   96 	 1002.53 	 1073.35 	 1129.00
   97 	 1015.08 	 1068.42 	 1137.58
   98 	 966.59 	 1061.10 	 1126.82
   99 	 965.74 	 1066.33 	 1135.72
  100 	 973.51 	 1073.96 	 1140.54
  101 	 975.03 	 1070.93 	 1163.14
  102 	 978.48 	 1054.60 	 1163.52
  103 	 925.78 	 1047.91 	 1147.56
  104 	 955.72 	 1049.42 	 1139.45
  105 	 969.84 	 1059.42 	 1127.44
  106 	 962.71 	 1065.89 	 1168.17
  107 	 971.82 	 1066.35 	 1162.93
  108 	 953.04 	 1070.06 	 1160.01
  109 	 1017.54 	 1086.24 	 1165.55
  110 	 973.24 	 1083.31 	 1172.03
  111 	 958.60 	 1079.89 	 1149.38
  112 	 968.96 	 1081.21 	 1175.49
  113 	 963.39 	 1074.56 	 1183.96
  114 	 959.03 	 1065.65 	 1128.66
  115 	 954.46 	 1050.16 	 1156.69
  116 	 970.00 	 1059.65 	 1155.11
  117 	 976.20 	 1051.11 	 1126.01
  118 	 967.80 	 1049.42 	 1134.23
  119 	 960.39 	 1046.36 	 1132.14
  120 	 952.04 	 1034.43 	 1121.95
  121 	 928.74 	 1041.25 	 1111.06
  122 	 911.99 	 1033.84 	 1123.56
  123 	 921.22 	 1027.90 	 1130.94
  124 	 930.70 	 1047.53 	 1147.37
  125 	 878.61 	 1035.74 	 1138.27
  126 	 883.12 	 1038.46 	 1134.28
  127 	 918.71 	 1039.90 	 1141.68
  128 	 913.50 	 1045.08 	 1146.43
  129 	 926.05 	 1050.22 	 1137.44
  130 	 969.17 	 1052.15 	 1148.99
  131 	 930.62 	 1048.01 	 1144.55
  132 	 945.62 	 1052.28 	 1158.20
  133 	 896.51 	 1053.71 	 1154.03
  134 	 947.40 	 1053.39 	 1148.50
  135 	 921.73 	 1046.12 	 1142.89
  136 	 932.59 	 1055.11 	 1188.17
  137 	 965.92 	 1063.59 	 1153.75
  138 	 935.37 	 1071.44 	 1156.18
  139 	 968.74 	 1064.50 	 1132.21
  140 	 970.99 	 1057.76 	 1150.13
  141 	 974.82 	 1072.42 	 1159.14
  142 	 976.71 	 1064.56 	 1138.13
  143 	 924.34 	 1064.41 	 1182.62
  144 	 910.58 	 1077.32 	 1187.44
  145 	 921.99 	 1082.23 	 1180.41
  146 	 958.10 	 1085.15 	 1178.17
  147 	 942.16 	 1101.06 	 1175.24
  148 	 993.09 	 1093.12 	 1158.66
  149 	 953.99 	 1071.15 	 1172.59
 