   0 	 826.75 	 977.39 	 1120.54
    1 	 814.00 	 972.00 	 1141.93
    2 	 801.35 	 990.63 	 1146.68
    3 	 858.82 	 993.48 	 1131.56
    4 	 863.21 	 998.77 	 1129.16
    5 	 847.44 	 994.67 	 1127.36
    6 	 810.94 	 1002.73 	 1150.72
    7 	 844.63 	 1018.60 	 1147.90
    8 	 902.35 	 1038.17 	 1134.23
    9 	 907.39 	 1037.05 	 1139.93
   10 	 894.49 	 1034.95 	 1150.25
   11 	 887.70 	 1009.99 	 1129.87
   12 	 903.27 	 1025.39 	 1109.18
   13 	 936.24 	 1033.76 	 1126.32
   14 	 887.79 	 1009.01 	 1159.85
   15 	 878.59 	 1007.00 	 1156.33
   16 	 914.49 	 1003.54 	 1085.03
   17 	 898.33 	 1010.05 	 1093.34
   18 	 879.10 	 995.12 	 1128.59
   19 	 903.54 	 1011.17 	 1108.37
   20 	 898.53 	 1008.30 	 1082.19
   21 	 941.47 	 1027.48 	 1103.11
   22 	 901.56 	 1020.89 	 1105.27
   23 	 951.45 	 1043.20 	 1115.24
   24 	 932.06 	 1046.21 	 1128.37
   25 	 962.58 	 1047.19 	 1138.81
   26 	 944.10 	 1053.44 	 1178.91
   27 	 962.19 	 1074.09 	 1178.22
   28 	 963.48 	 1069.54 	 1164.41
   29 	 973.36 	 1076.15 	 1169.11
   30 	 979.45 	 1060.75 	 1188.70
   31 	 978.72 	 1066.82 	 1145.87
   32 	 983.61 	 1073.30 	 1199.11
   33 	 972.28 	 1077.52 	 1187.45
   34 	 946.44 	 1082.52 	 1178.45
   35 	 964.93 	 1075.78 	 1149.70
   36 	 901.32 	 1090.34 	 1154.35
   37 	 962.31 	 1085.87 	 1156.86
   38 	 963.99 	 1094.37 	 1163.47
   39 	 1024.28 	 1088.94 	 1160.25
   40 	 1029.66 	 1083.09 	 1185.74
   41 	 1015.08 	 1084.38 	 1148.27
   42 	 967.81 	 1081.26 	 1163.41
   43 	 978.77 	 1093.48 	 1149.13
   44 	 1001.82 	 1093.37 	 1164.39
   45 	 967.81 	 1087.20 	 1173.08
   46 	 990.17 	 1070.46 	 1171.09
   47 	 973.46 	 1066.20 	 1165.20
   48 	 1000.94 	 1075.58 	 1170.73
   49 	 989.76 	 1071.92 	 1147.27
   50 	 974.10 	 1066.70 	 1140.29
   51 	 946.31 	 1055.22 	 1136.07
   52 	 921.25 	 1031.79 	 1143.59
   53 	 955.85 	 1039.52 	 1134.10
   54 	 916.46 	 1037.44 	 1136.43
   55 	 929.64 	 1022.58 	 1107.26
   56 	 895.04 	 1016.09 	 1106.07
   57 	 922.93 	 1021.52 	 1105.26
   58 	 861.29 	 1012.16 	 1085.28
   59 	 860.79 	 1003.75 	 1111.13
   60 	 861.03 	 993.12 	 1079.15
   61 	 806.18 	 986.44 	 1094.98
   62 	 852.54 	 982.74 	 1086.77
   63 	 824.15 	 986.50 	 1136.98
   64 	 835.61 	 979.88 	 1141.77
   65 	 833.89 	 990.39 	 1179.73
   66 	 845.57 	 1000.66 	 1105.45
   67 	 875.94 	 1016.31 	 1123.41
   68 	 900.17 	 1027.19 	 1128.04
   69 	 888.56 	 1029.35 	 1117.69
   70 	 850.42 	 1025.69 	 1116.48
   71 	 944.16 	 1045.82 	 1132.48
   72 	 962.32 	 1051.14 	 1117.56
   73 	 983.62 	 1060.51 	 1163.31
   74 	 1006.56 	 1068.40 	 1164.96
   75 	 979.89 	 1072.36 	 1169.83
   76 	 979.33 	 1079.99 	 1158.64
   77 	 902.49 	 1060.81 	 1162.96
   78 	 961.20 	 1063.88 	 1148.10
   79 	 971.47 	 1065.46 	 1152.30
   80 	 939.58 	 1082.60 	 1161.13
   81 	 947.34 	 1079.09 	 1140.51
   82 	 972.07 	 1075.29 	 1143.80
   83 	 903.47 	 1055.72 	 1174.02
   84 	 947.68 	 1064.01 	 1186.15
   85 	 925.82 	 1047.48 	 1161.26
   86 	 941.30 	 1047.65 	 1135.83
   87 	 900.62 	 1059.46 	 1141.12
   88 	 926.22 	 1055.66 	 1132.92
   89 	 894.31 	 1054.13 	 1124.85
   90 	 896.35 	 1042.80 	 1115.77
   91 	 832.90 	 1034.57 	 1116.28
   92 	 822.71 	 1026.37 	 1160.85
   93 	 857.64 	 1001.08 	 1090.50
   94 	 819.09 	 1006.24 	 1094.28
   95 	 852.41 	 1019.81 	 1123.09
   96 	 864.41 	 1006.44 	 1093.71
   97 	 841.08 	 1023.37 	 1115.37
   98 	 880.62 	 1016.84 	 1110.93
   99 	 866.39 	 1002.15 	 1097.03
  100 	 882.75 	 1012.75 	 1138.73
  101 	 916.19 	 1017.53 	 1138.55
  102 	 936.50 	 1021.83 	 1138.90
  103 	 881.86 	 1020.16 	 1131.51
  104 	 930.59 	 1022.67 	 1092.57
  105 	 915.34 	 1020.12 	 1133.51
  106 	 939.18 	 1012.05 	 1072.14
  107 	 885.50 	 1014.66 	 1077.37
  108 	 940.46 	 1025.65 	 1114.01
  109 	 950.38 	 1017.40 	 1104.00
  110 	 918.00 	 1024.05 	 1137.33
  111 	 895.27 	 1052.12 	 1170.19
  112 	 893.76 	 1063.05 	 1145.17
  113 	 888.28 	 1045.90 	 1142.14
  114 	 839.04 	 1048.04 	 1150.10
  115 	 931.85 	 1046.37 	 1155.42
  116 	 964.77 	 1054.32 	 1145.94
  117 	 938.20 	 1040.80 	 1133.63
  118 	 942.63 	 1042.25 	 1129.59
  119 	 924.13 	 1060.07 	 1153.84
  120 	 912.60 	 1044.51 	 1153.10
  121 	 902.34 	 1050.38 	 1152.02
  122 	 925.93 	 1041.80 	 1143.91
  123 	 965.04 	 1046.95 	 1158.66
  124 	 950.30 	 1049.51 	 1150.78
  125 	 955.44 	 1062.28 	 1177.30
  126 	 941.25 	 1062.09 	 1141.87
  127 	 931.18 	 1060.64 	 1167.48
  128 	 914.83 	 1061.96 	 1134.04
  129 	 970.70 	 1067.60 	 1137.56
  130 	 933.91 	 1076.06 	 1135.59
  131 	 940.73 	 1054.72 	 1121.50
  132 	 962.48 	 1066.42 	 1160.42
  133 	 962.16 	 1059.71 	 1149.61
  134 	 957.02 	 1077.02 	 1140.77
  135 	 950.02 	 1067.76 	 1173.04
  136 	 966.19 	 1067.65 	 1156.91
  137 	 980.49 	 1074.66 	 1156.15
  138 	 971.29 	 1078.42 	 1151.13
  139 	 979.81 	 1073.23 	 1177.65
  140 	 945.53 	 1073.41 	 1156.41
  141 	 927.35 	 1081.84 	 1187.78
  142 	 932.02 	 1058.41 	 1141.46
  143 	 915.98 	 1051.56 	 1161.35
  144 	 926.43 	 1032.32 	 1155.88
  145 	 889.08 	 1023.47 	 1162.04
  146 	 905.49 	 1018.23 	 1098.91
  147 	 916.12 	 1010.04 	 1084.27
  148 	 932.35 	 1008.51 	 1121.59
  149 	 897.05 	 1008.43 	 1089.56
 