   0 	 819.89 	 990.54 	 1121.63
    1 	 845.38 	 999.35 	 1104.71
    2 	 811.70 	 1014.85 	 1095.53
    3 	 853.07 	 1026.50 	 1115.74
    4 	 934.83 	 1039.66 	 1152.85
    5 	 913.47 	 1022.18 	 1112.18
    6 	 934.20 	 1021.14 	 1113.82
    7 	 899.67 	 1025.99 	 1116.57
    8 	 890.51 	 1019.07 	 1130.61
    9 	 923.41 	 1025.54 	 1130.24
   10 	 951.03 	 1029.95 	 1141.53
   11 	 905.95 	 1034.08 	 1168.17
   12 	 943.10 	 1032.43 	 1138.64
   13 	 932.44 	 1019.66 	 1140.45
   14 	 924.95 	 1014.12 	 1161.48
   15 	 905.40 	 1011.80 	 1103.22
   16 	 889.03 	 1023.99 	 1109.56
   17 	 893.91 	 1024.63 	 1113.13
   18 	 877.14 	 1046.75 	 1165.25
   19 	 839.07 	 1049.53 	 1142.14
   20 	 852.37 	 1074.18 	 1149.90
   21 	 895.68 	 1078.18 	 1195.38
   22 	 869.35 	 1064.58 	 1173.25
   23 	 864.20 	 1064.13 	 1155.94
   24 	 915.38 	 1095.19 	 1171.35
   25 	 992.49 	 1080.93 	 1175.55
   26 	 939.47 	 1087.73 	 1158.48
   27 	 952.16 	 1085.91 	 1173.79
   28 	 989.42 	 1095.84 	 1167.82
   29 	 981.10 	 1081.63 	 1173.40
   30 	 1011.27 	 1093.43 	 1166.94
   31 	 982.22 	 1082.56 	 1160.94
   32 	 988.86 	 1089.84 	 1187.78
   33 	 938.21 	 1094.55 	 1165.69
   34 	 1022.23 	 1095.00 	 1166.94
   35 	 978.27 	 1087.35 	 1158.88
   36 	 932.67 	 1072.19 	 1154.33
   37 	 864.40 	 1064.40 	 1147.78
   38 	 895.78 	 1044.06 	 1151.55
   39 	 909.51 	 1049.33 	 1157.90
   40 	 922.75 	 1055.13 	 1152.76
   41 	 940.57 	 1051.00 	 1129.34
   42 	 913.86 	 1041.46 	 1172.04
   43 	 914.65 	 1044.91 	 1188.85
   44 	 910.21 	 1070.59 	 1180.61
   45 	 988.43 	 1074.08 	 1184.00
   46 	 973.97 	 1066.51 	 1129.66
   47 	 910.68 	 1049.17 	 1159.74
   48 	 940.43 	 1051.02 	 1163.44
   49 	 958.95 	 1058.81 	 1146.71
   50 	 953.59 	 1053.77 	 1151.88
   51 	 911.97 	 1042.91 	 1142.88
   52 	 982.09 	 1058.20 	 1146.75
   53 	 963.42 	 1043.70 	 1166.55
   54 	 947.60 	 1042.76 	 1115.09
   55 	 830.53 	 1041.34 	 1148.44
   56 	 940.26 	 1043.80 	 1121.34
   57 	 947.29 	 1051.05 	 1129.86
   58 	 955.31 	 1036.55 	 1102.85
   59 	 925.25 	 1033.82 	 1138.33
   60 	 933.28 	 1036.45 	 1138.33
   61 	 968.28 	 1054.97 	 1151.01
   62 	 948.97 	 1053.00 	 1156.76
   63 	 899.51 	 1040.39 	 1135.45
   64 	 926.39 	 1030.02 	 1114.88
   65 	 932.15 	 1047.31 	 1135.98
   66 	 963.71 	 1049.68 	 1160.82
   67 	 889.89 	 1035.36 	 1133.17
   68 	 943.61 	 1035.21 	 1140.67
   69 	 902.69 	 1042.19 	 1186.47
   70 	 887.49 	 1029.39 	 1166.97
   71 	 864.60 	 1033.65 	 1184.23
   72 	 882.52 	 1023.86 	 1134.23
   73 	 876.54 	 1034.24 	 1112.77
   74 	 939.78 	 1058.78 	 1127.81
   75 	 963.46 	 1066.75 	 1149.50
   76 	 937.39 	 1056.83 	 1176.86
   77 	 938.41 	 1058.14 	 1158.06
   78 	 969.46 	 1059.82 	 1143.12
   79 	 968.54 	 1069.20 	 1161.83
   80 	 978.28 	 1063.40 	 1164.48
   81 	 944.38 	 1049.96 	 1154.21
   82 	 930.51 	 1051.42 	 1179.50
   83 	 883.63 	 1043.40 	 1169.45
   84 	 901.85 	 1054.11 	 1143.85
   85 	 986.65 	 1062.46 	 1166.75
   86 	 956.48 	 1057.87 	 1165.28
   87 	 931.72 	 1049.66 	 1156.40
   88 	 909.53 	 1042.24 	 1161.60
   89 	 954.30 	 1033.33 	 1166.11
   90 	 913.44 	 1033.96 	 1149.01
   91 	 938.54 	 1031.76 	 1126.54
   92 	 923.26 	 1037.69 	 1183.06
   93 	 929.50 	 1047.76 	 1161.41
   94 	 908.22 	 1066.57 	 1191.86
   95 	 983.91 	 1080.10 	 1146.04
   96 	 975.17 	 1068.29 	 1143.24
   97 	 980.68 	 1074.86 	 1161.08
   98 	 979.92 	 1081.77 	 1146.32
   99 	 953.28 	 1071.09 	 1156.07
  100 	 953.67 	 1065.00 	 1188.63
  101 	 959.19 	 1085.40 	 1193.81
  102 	 995.23 	 1108.64 	 1189.21
  103 	 982.19 	 1112.68 	 1188.98
  104 	 1011.47 	 1113.61 	 1189.94
  105 	 1002.24 	 1115.76 	 1184.58
  106 	 995.49 	 1085.78 	 1178.50
  107 	 1036.63 	 1089.58 	 1163.74
  108 	 1011.10 	 1074.71 	 1160.05
  109 	 925.31 	 1054.58 	 1167.21
  110 	 1006.28 	 1062.22 	 1115.96
  111 	 989.60 	 1057.70 	 1165.68
  112 	 936.15 	 1062.92 	 1145.31
  113 	 983.16 	 1062.29 	 1163.85
  114 	 973.14 	 1068.99 	 1177.00
  115 	 946.03 	 1068.90 	 1159.10
  116 	 989.93 	 1079.68 	 1158.76
  117 	 954.24 	 1062.49 	 1123.76
  118 	 957.77 	 1066.66 	 1142.52
  119 	 981.17 	 1060.30 	 1143.39
  120 	 987.05 	 1061.99 	 1159.29
  121 	 953.03 	 1059.27 	 1161.64
  122 	 961.66 	 1063.57 	 1157.65
  123 	 959.28 	 1060.48 	 1130.96
  124 	 937.14 	 1061.38 	 1141.70
  125 	 934.79 	 1059.59 	 1155.24
  126 	 915.27 	 1055.07 	 1158.02
  127 	 970.86 	 1057.96 	 1121.59
  128 	 947.06 	 1052.92 	 1144.37
  129 	 942.40 	 1056.61 	 1174.42
  130 	 938.70 	 1045.48 	 1170.54
  131 	 930.88 	 1034.93 	 1139.40
  132 	 912.02 	 1015.20 	 1144.93
  133 	 838.90 	 1015.27 	 1129.98
  134 	 849.63 	 1005.99 	 1110.70
  135 	 867.26 	 1003.68 	 1156.59
  136 	 896.43 	 1005.71 	 1156.13
  137 	 894.76 	 1005.23 	 1114.87
  138 	 895.14 	 1019.94 	 1122.91
  139 	 891.03 	 1035.78 	 1147.14
  140 	 908.72 	 1039.70 	 1138.84
  141 	 903.79 	 1057.67 	 1133.93
  142 	 927.02 	 1052.62 	 1159.32
  143 	 972.29 	 1050.53 	 1170.04
  144 	 965.11 	 1057.08 	 1190.87
  145 	 968.67 	 1062.34 	 1175.61
  146 	 975.92 	 1055.20 	 1168.78
  147 	 982.72 	 1062.02 	 1144.04
  148 	 950.88 	 1072.96 	 1153.57
  149 	 951.40 	 1068.65 	 1168.19
 