   0 	 876.40 	 1013.31 	 1093.50
    1 	 889.78 	 1016.86 	 1112.78
    2 	 852.52 	 1025.77 	 1136.76
    3 	 932.87 	 1048.93 	 1149.72
    4 	 948.32 	 1063.73 	 1163.37
    5 	 958.52 	 1065.27 	 1155.20
    6 	 941.54 	 1070.59 	 1171.30
    7 	 830.40 	 1064.82 	 1181.37
    8 	 958.53 	 1086.42 	 1187.98
    9 	 935.41 	 1083.42 	 1159.46
   10 	 894.84 	 1069.79 	 1152.38
   11 	 883.11 	 1048.35 	 1149.41
   12 	 881.45 	 1036.35 	 1136.23
   13 	 879.38 	 1048.69 	 1157.88
   14 	 887.99 	 1070.74 	 1173.25
   15 	 924.57 	 1074.31 	 1162.14
   16 	 908.46 	 1043.29 	 1149.42
   17 	 894.04 	 1034.72 	 1146.48
   18 	 861.43 	 1034.54 	 1162.78
   19 	 908.15 	 1062.53 	 1181.75
   20 	 954.23 	 1056.25 	 1147.76
   21 	 936.70 	 1052.87 	 1153.25
   22 	 933.95 	 1033.42 	 1146.09
   23 	 945.10 	 1028.82 	 1112.25
   24 	 929.07 	 1039.45 	 1132.62
   25 	 934.25 	 1046.74 	 1115.10
   26 	 938.81 	 1053.73 	 1136.60
   27 	 973.36 	 1049.96 	 1155.19
   28 	 877.88 	 1046.58 	 1190.29
   29 	 890.56 	 1051.41 	 1171.83
   30 	 960.40 	 1054.46 	 1167.25
   31 	 958.95 	 1059.40 	 1173.54
   32 	 971.27 	 1070.77 	 1157.22
   33 	 977.88 	 1089.08 	 1186.28
   34 	 941.58 	 1081.25 	 1159.38
   35 	 973.01 	 1089.92 	 1197.39
   36 	 962.79 	 1075.46 	 1200.92
   37 	 925.29 	 1067.91 	 1188.60
   38 	 964.24 	 1072.40 	 1201.67
   39 	 953.78 	 1060.14 	 1153.10
   40 	 967.23 	 1062.74 	 1172.40
   41 	 988.87 	 1063.48 	 1159.61
   42 	 973.59 	 1046.92 	 1139.61
   43 	 944.06 	 1045.44 	 1130.34
   44 	 950.59 	 1046.81 	 1166.39
   45 	 966.11 	 1051.76 	 1184.61
   46 	 966.59 	 1082.51 	 1196.30
   47 	 972.38 	 1087.83 	 1192.14
   48 	 989.71 	 1087.07 	 1192.38
   49 	 969.70 	 1088.57 	 1195.19
   50 	 920.66 	 1076.82 	 1187.14
   51 	 961.26 	 1093.52 	 1180.48
   52 	 1006.59 	 1102.68 	 1176.67
   53 	 1014.55 	 1093.99 	 1179.79
   54 	 1022.53 	 1104.41 	 1189.84
   55 	 1033.16 	 1117.20 	 1162.73
   56 	 1053.36 	 1125.02 	 1184.34
   57 	 1042.49 	 1119.24 	 1198.23
   58 	 1012.84 	 1123.13 	 1203.30
   59 	 1029.70 	 1137.77 	 1207.67
   60 	 1062.63 	 1132.95 	 1198.30
   61 	 995.39 	 1117.45 	 1181.03
   62 	 1041.94 	 1125.91 	 1192.15
   63 	 1025.81 	 1120.63 	 1213.61
   64 	 988.90 	 1112.31 	 1172.23
   65 	 992.92 	 1120.81 	 1187.48
   66 	 989.71 	 1119.89 	 1207.27
   67 	 1009.08 	 1127.63 	 1211.23
   68 	 966.83 	 1121.89 	 1216.33
   69 	 965.26 	 1132.90 	 1209.55
   70 	 968.90 	 1123.76 	 1223.46
   71 	 1041.51 	 1128.38 	 1208.72
   72 	 1001.34 	 1122.09 	 1206.46
   73 	 998.49 	 1126.97 	 1227.58
   74 	 1056.36 	 1119.85 	 1207.71
   75 	 1035.50 	 1121.62 	 1223.52
   76 	 1029.28 	 1110.50 	 1207.30
   77 	 1049.92 	 1118.52 	 1213.46
   78 	 1033.48 	 1114.10 	 1197.32
   79 	 1016.40 	 1118.81 	 1188.19
   80 	 1037.54 	 1114.72 	 1173.74
   81 	 1006.35 	 1095.30 	 1194.21
   82 	 993.06 	 1097.65 	 1172.17
   83 	 971.32 	 1090.40 	 1173.98
   84 	 974.08 	 1088.94 	 1161.09
   85 	 972.93 	 1082.92 	 1189.69
   86 	 947.41 	 1083.82 	 1157.25
   87 	 932.32 	 1076.87 	 1143.27
   88 	 906.45 	 1086.10 	 1150.67
   89 	 1036.15 	 1096.75 	 1151.85
   90 	 905.24 	 1077.38 	 1149.72
   91 	 892.47 	 1070.96 	 1158.59
   92 	 990.69 	 1075.04 	 1145.31
   93 	 962.34 	 1066.28 	 1156.31
   94 	 962.25 	 1066.17 	 1151.37
   95 	 928.98 	 1075.97 	 1170.94
   96 	 885.68 	 1076.10 	 1169.90
   97 	 885.08 	 1065.13 	 1161.05
   98 	 872.68 	 1063.24 	 1179.61
   99 	 963.11 	 1079.71 	 1184.30
  100 	 969.96 	 1077.57 	 1186.89
  101 	 952.56 	 1079.98 	 1168.46
  102 	 972.26 	 1101.73 	 1181.54
  103 	 1016.73 	 1105.67 	 1183.82
  104 	 1014.52 	 1105.53 	 1182.05
  105 	 951.22 	 1093.64 	 1180.85
  106 	 962.11 	 1085.92 	 1155.43
  107 	 1000.35 	 1079.81 	 1162.62
  108 	 992.55 	 1076.96 	 1174.36
  109 	 959.25 	 1080.22 	 1169.64
  110 	 1000.87 	 1093.22 	 1190.86
  111 	 1008.35 	 1094.86 	 1168.46
  112 	 984.04 	 1090.68 	 1163.24
  113 	 961.81 	 1084.30 	 1165.37
  114 	 1005.77 	 1086.93 	 1162.87
  115 	 1034.56 	 1098.51 	 1152.19
  116 	 1031.92 	 1096.58 	 1179.97
  117 	 1008.84 	 1101.31 	 1179.61
  118 	 971.85 	 1092.50 	 1169.17
  119 	 994.74 	 1097.27 	 1171.79
  120 	 1022.57 	 1107.49 	 1174.91
  121 	 1027.07 	 1090.51 	 1195.31
  122 	 1003.71 	 1090.07 	 1189.63
  123 	 958.19 	 1082.18 	 1186.87
  124 	 978.46 	 1083.79 	 1171.87
  125 	 997.12 	 1091.50 	 1170.88
  126 	 973.13 	 1093.92 	 1176.74
  127 	 976.19 	 1097.44 	 1183.98
  128 	 1009.43 	 1097.98 	 1184.84
  129 	 958.81 	 1096.56 	 1180.46
  130 	 963.95 	 1097.81 	 1177.25
  131 	 920.50 	 1096.71 	 1184.49
  132 	 941.91 	 1089.51 	 1193.31
  133 	 901.22 	 1072.91 	 1173.31
  134 	 999.02 	 1093.58 	 1199.12
  135 	 1001.85 	 1089.36 	 1140.72
  136 	 986.62 	 1099.49 	 1154.90
  137 	 926.78 	 1096.33 	 1187.26
  138 	 931.63 	 1105.31 	 1188.78
  139 	 995.72 	 1116.10 	 1197.95
  140 	 1039.78 	 1111.02 	 1196.24
  141 	 1039.88 	 1120.47 	 1189.62
  142 	 1008.16 	 1125.16 	 1199.23
  143 	 1024.70 	 1129.93 	 1189.59
  144 	 1015.96 	 1109.00 	 1193.27
  145 	 1031.22 	 1099.90 	 1193.51
  146 	 1007.68 	 1106.27 	 1197.01
  147 	 987.67 	 1103.13 	 1193.08
  148 	 991.92 	 1098.49 	 1167.72
  149 	 995.30 	 1092.71 	 1181.21
 