   0 	 867.26 	 993.18 	 1122.85
    1 	 846.93 	 1003.22 	 1128.09
    2 	 868.19 	 1001.36 	 1121.58
    3 	 888.89 	 1004.07 	 1147.25
    4 	 898.04 	 1005.31 	 1179.99
    5 	 893.96 	 1012.05 	 1164.24
    6 	 951.77 	 1016.48 	 1174.58
    7 	 911.34 	 1010.51 	 1101.58
    8 	 899.30 	 1012.88 	 1107.73
    9 	 957.80 	 1025.01 	 1098.38
   10 	 939.93 	 1023.23 	 1108.27
   11 	 862.37 	 1028.45 	 1094.37
   12 	 851.54 	 1026.99 	 1144.56
   13 	 856.40 	 1026.57 	 1137.28
   14 	 878.30 	 1034.18 	 1140.29
   15 	 922.83 	 1036.17 	 1147.68
   16 	 932.75 	 1032.09 	 1128.99
   17 	 888.49 	 1035.91 	 1146.48
   18 	 875.10 	 1038.95 	 1134.56
   19 	 878.63 	 1040.59 	 1147.78
   20 	 864.48 	 1020.34 	 1140.15
   21 	 886.49 	 1021.55 	 1113.18
   22 	 894.22 	 1017.70 	 1126.62
   23 	 913.41 	 1031.26 	 1135.59
   24 	 890.00 	 1033.57 	 1127.64
   25 	 914.19 	 1033.14 	 1145.72
   26 	 930.76 	 1030.22 	 1136.67
   27 	 924.51 	 1031.99 	 1121.27
   28 	 920.58 	 1037.96 	 1135.87
   29 	 934.31 	 1022.07 	 1136.04
   30 	 918.03 	 1034.58 	 1139.70
   31 	 955.00 	 1048.05 	 1124.94
   32 	 919.48 	 1062.15 	 1156.63
   33 	 915.94 	 1071.77 	 1175.82
   34 	 973.36 	 1063.31 	 1132.08
   35 	 1003.18 	 1065.03 	 1130.57
   36 	 982.25 	 1069.54 	 1154.56
   37 	 985.79 	 1060.22 	 1137.22
   38 	 966.00 	 1065.24 	 1145.46
   39 	 901.98 	 1073.68 	 1182.50
   40 	 982.60 	 1095.86 	 1186.45
   41 	 931.74 	 1099.63 	 1197.36
   42 	 979.25 	 1103.11 	 1196.63
   43 	 996.02 	 1114.35 	 1183.65
   44 	 977.17 	 1108.91 	 1176.21
   45 	 1023.60 	 1111.29 	 1170.01
   46 	 1022.99 	 1107.25 	 1180.84
   47 	 982.28 	 1098.02 	 1171.17
   48 	 1013.86 	 1097.43 	 1172.72
   49 	 1008.99 	 1088.59 	 1190.26
   50 	 966.90 	 1085.48 	 1148.76
   51 	 972.93 	 1087.93 	 1162.73
   52 	 1003.61 	 1100.00 	 1177.78
   53 	 1007.14 	 1101.15 	 1180.81
   54 	 1015.53 	 1100.60 	 1190.14
   55 	 985.57 	 1092.38 	 1189.79
   56 	 971.26 	 1089.21 	 1190.18
   57 	 963.78 	 1093.25 	 1182.60
   58 	 940.62 	 1078.52 	 1193.75
   59 	 963.78 	 1069.46 	 1152.26
   60 	 883.01 	 1054.40 	 1137.65
   61 	 881.38 	 1078.52 	 1146.75
   62 	 1016.51 	 1090.76 	 1194.73
   63 	 939.07 	 1083.83 	 1202.54
   64 	 1015.27 	 1067.28 	 1150.75
   65 	 927.25 	 1063.71 	 1154.95
   66 	 959.50 	 1068.35 	 1151.84
   67 	 1002.96 	 1075.35 	 1126.50
   68 	 994.82 	 1068.26 	 1132.65
   69 	 944.28 	 1064.87 	 1153.82
   70 	 938.43 	 1058.43 	 1163.06
   71 	 948.28 	 1051.70 	 1154.94
   72 	 938.93 	 1055.30 	 1138.74
   73 	 924.85 	 1048.89 	 1134.88
   74 	 930.41 	 1047.43 	 1129.51
   75 	 913.48 	 1052.51 	 1148.71
   76 	 913.97 	 1054.28 	 1141.82
   77 	 909.07 	 1055.68 	 1169.69
   78 	 918.94 	 1058.90 	 1185.84
   79 	 921.77 	 1072.99 	 1152.19
   80 	 960.37 	 1085.89 	 1170.95
   81 	 987.02 	 1087.49 	 1172.18
   82 	 1021.92 	 1102.38 	 1169.47
   83 	 1034.67 	 1108.46 	 1164.44
   84 	 1000.22 	 1096.33 	 1160.14
   85 	 1012.80 	 1098.74 	 1168.04
   86 	 936.54 	 1092.63 	 1158.60
   87 	 973.30 	 1095.32 	 1174.98
   88 	 975.11 	 1099.39 	 1171.47
   89 	 990.65 	 1099.42 	 1180.78
   90 	 1002.00 	 1105.11 	 1175.39
   91 	 978.97 	 1109.37 	 1183.77
   92 	 1039.82 	 1117.47 	 1183.27
   93 	 1031.75 	 1113.23 	 1181.84
   94 	 1046.31 	 1116.67 	 1190.34
   95 	 1012.02 	 1111.88 	 1183.00
   96 	 1039.63 	 1124.45 	 1197.29
   97 	 1032.46 	 1125.85 	 1222.72
   98 	 1029.06 	 1113.55 	 1213.91
   99 	 1013.74 	 1116.77 	 1175.48
  100 	 1036.28 	 1108.07 	 1159.71
  101 	 970.63 	 1087.45 	 1159.96
  102 	 1005.97 	 1089.90 	 1178.56
  103 	 967.14 	 1075.05 	 1207.18
  104 	 976.68 	 1077.38 	 1172.35
  105 	 933.05 	 1070.00 	 1136.75
  106 	 1006.34 	 1073.66 	 1177.19
  107 	 978.27 	 1074.36 	 1197.53
  108 	 955.07 	 1076.69 	 1197.57
  109 	 938.87 	 1054.14 	 1177.33
  110 	 931.50 	 1061.14 	 1165.99
  111 	 869.96 	 1058.91 	 1133.28
  112 	 874.14 	 1040.32 	 1141.97
  113 	 875.14 	 1055.81 	 1162.88
  114 	 920.29 	 1058.93 	 1168.58
  115 	 996.19 	 1065.07 	 1186.30
  116 	 966.64 	 1057.06 	 1161.23
  117 	 865.93 	 1054.40 	 1164.86
  118 	 918.64 	 1059.77 	 1155.63
  119 	 943.76 	 1070.25 	 1164.47
  120 	 1009.33 	 1077.38 	 1164.39
  121 	 997.91 	 1085.09 	 1174.58
  122 	 979.67 	 1077.24 	 1188.34
  123 	 953.12 	 1062.29 	 1169.40
  124 	 875.92 	 1049.29 	 1140.18
  125 	 919.85 	 1045.93 	 1134.82
  126 	 858.45 	 1042.21 	 1142.75
  127 	 879.70 	 1024.71 	 1128.62
  128 	 915.66 	 1028.35 	 1141.32
  129 	 914.33 	 1023.49 	 1113.44
  130 	 939.73 	 1027.90 	 1093.93
  131 	 926.69 	 1022.33 	 1129.12
  132 	 892.69 	 1012.60 	 1111.00
  133 	 862.80 	 1015.10 	 1166.24
  134 	 924.42 	 1029.66 	 1158.72
  135 	 956.85 	 1051.98 	 1163.96
  136 	 937.61 	 1063.40 	 1158.87
  137 	 905.68 	 1062.21 	 1197.34
  138 	 949.44 	 1062.63 	 1145.08
  139 	 962.30 	 1063.94 	 1164.21
  140 	 939.67 	 1045.95 	 1156.44
  141 	 922.09 	 1042.46 	 1163.30
  142 	 920.15 	 1045.65 	 1114.80
  143 	 899.34 	 1067.21 	 1172.91
  144 	 874.81 	 1066.35 	 1176.06
  145 	 890.44 	 1055.63 	 1174.85
  146 	 938.17 	 1060.90 	 1157.47
  147 	 957.19 	 1075.60 	 1142.61
  148 	 937.89 	 1071.48 	 1164.15
  149 	 939.40 	 1075.59 	 1150.83
 