   0 	 889.26 	 988.89 	 1095.60
    1 	 854.07 	 1019.79 	 1140.00
    2 	 830.55 	 994.40 	 1131.95
    3 	 801.55 	 994.17 	 1123.20
    4 	 830.32 	 1012.11 	 1162.66
    5 	 823.92 	 1018.00 	 1154.78
    6 	 868.23 	 1015.98 	 1113.61
    7 	 875.48 	 1021.45 	 1123.78
    8 	 867.54 	 1031.07 	 1142.64
    9 	 948.45 	 1039.15 	 1105.10
   10 	 917.07 	 1035.46 	 1108.61
   11 	 956.58 	 1043.49 	 1109.49
   12 	 925.90 	 1045.20 	 1139.27
   13 	 911.65 	 1049.66 	 1118.63
   14 	 914.91 	 1043.80 	 1136.96
   15 	 963.36 	 1042.47 	 1121.55
   16 	 958.16 	 1033.31 	 1126.90
   17 	 940.51 	 1026.80 	 1112.66
   18 	 955.14 	 1031.55 	 1126.76
   19 	 952.11 	 1034.01 	 1132.39
   20 	 941.97 	 1050.70 	 1140.82
   21 	 976.98 	 1056.23 	 1136.79
   22 	 992.48 	 1057.87 	 1131.26
   23 	 1012.90 	 1056.31 	 1129.34
   24 	 983.10 	 1055.41 	 1128.97
   25 	 994.36 	 1052.44 	 1148.67
   26 	 991.10 	 1043.46 	 1145.66
   27 	 956.05 	 1040.23 	 1123.92
   28 	 958.31 	 1038.36 	 1114.22
   29 	 974.99 	 1034.16 	 1117.29
   30 	 971.71 	 1025.45 	 1113.42
   31 	 977.46 	 1020.28 	 1090.55
   32 	 944.46 	 1016.70 	 1094.08
   33 	 954.83 	 1013.34 	 1085.86
   34 	 945.52 	 1008.49 	 1077.75
   35 	 959.79 	 1020.69 	 1089.21
   36 	 947.95 	 1025.20 	 1086.32
   37 	 950.31 	 1035.59 	 1106.71
   38 	 947.32 	 1035.75 	 1094.70
   39 	 982.88 	 1050.55 	 1092.88
   40 	 995.38 	 1044.45 	 1093.37
   41 	 999.49 	 1052.36 	 1091.86
   42 	 996.21 	 1051.76 	 1114.96
   43 	 980.56 	 1046.01 	 1116.30
   44 	 967.17 	 1046.29 	 1115.33
   45 	 1006.32 	 1052.60 	 1092.79
   46 	 998.89 	 1051.30 	 1109.88
   47 	 997.43 	 1052.11 	 1086.32
   48 	 1004.78 	 1056.19 	 1094.63
   49 	 1008.69 	 1058.07 	 1098.53
   50 	 991.39 	 1052.99 	 1098.17
   51 	 1014.17 	 1055.66 	 1102.30
   52 	 1004.20 	 1053.38 	 1101.02
   53 	 1011.82 	 1059.78 	 1104.32
   54 	 1001.01 	 1062.92 	 1133.39
   55 	 1030.11 	 1072.70 	 1136.17
   56 	 1023.85 	 1067.35 	 1126.43
   57 	 1031.62 	 1066.24 	 1110.60
   58 	 1024.75 	 1062.96 	 1094.85
   59 	 1021.97 	 1064.47 	 1103.62
   60 	 1011.44 	 1068.16 	 1106.23
   61 	 1029.49 	 1072.00 	 1098.45
   62 	 1035.91 	 1074.37 	 1119.72
   63 	 1029.85 	 1072.22 	 1096.24
   64 	 1041.57 	 1072.56 	 1126.75
   65 	 1039.28 	 1074.09 	 1128.25
   66 	 1033.02 	 1073.68 	 1119.38
   67 	 1033.73 	 1066.76 	 1124.97
   68 	 1019.77 	 1066.67 	 1117.82
   69 	 1018.18 	 1068.90 	 1121.67
   70 	 1014.33 	 1075.46 	 1130.86
   71 	 1019.55 	 1071.42 	 1123.26
   72 	 1014.10 	 1072.82 	 1106.57
   73 	 1021.41 	 1076.73 	 1153.77
   74 	 1027.17 	 1078.62 	 1121.29
   75 	 1046.46 	 1084.90 	 1125.52
   76 	 1031.45 	 1088.68 	 1123.72
   77 	 1037.78 	 1084.22 	 1113.69
   78 	 1032.95 	 1085.83 	 1125.25
   79 	 1024.66 	 1070.74 	 1123.74
   80 	 999.02 	 1070.35 	 1111.80
   81 	 1017.65 	 1079.18 	 1142.30
   82 	 1007.04 	 1069.61 	 1120.95
   83 	 991.30 	 1072.16 	 1124.21
   84 	 1034.00 	 1077.84 	 1127.31
   85 	 1031.05 	 1078.68 	 1131.90
   86 	 1017.78 	 1084.10 	 1151.21
   87 	 1025.94 	 1079.36 	 1146.08
   88 	 971.86 	 1079.60 	 1138.53
   89 	 969.51 	 1062.63 	 1132.56
   90 	 981.89 	 1068.97 	 1130.95
   91 	 992.57 	 1068.65 	 1113.32
   92 	 979.74 	 1071.07 	 1114.54
   93 	 1021.15 	 1071.42 	 1101.54
   94 	 1014.23 	 1070.79 	 1110.05
   95 	 975.67 	 1068.73 	 1107.16
   96 	 1002.53 	 1072.67 	 1118.20
   97 	 1012.40 	 1071.77 	 1107.83
   98 	 1039.10 	 1077.55 	 1116.60
   99 	 1031.24 	 1066.34 	 1101.93
  100 	 1022.36 	 1067.61 	 1122.77
  101 	 1021.65 	 1065.21 	 1137.06
  102 	 998.47 	 1062.02 	 1114.95
  103 	 1013.65 	 1067.21 	 1117.74
  104 	 1001.08 	 1067.84 	 1125.31
  105 	 1009.15 	 1069.40 	 1134.85
  106 	 1016.63 	 1073.13 	 1135.20
  107 	 1029.65 	 1079.66 	 1137.83
  108 	 1023.15 	 1082.70 	 1139.26
  109 	 1020.58 	 1078.95 	 1117.54
  110 	 1023.18 	 1077.02 	 1116.81
  111 	 1003.88 	 1080.06 	 1132.19
  112 	 1020.48 	 1079.59 	 1112.57
  113 	 991.48 	 1073.02 	 1113.14
  114 	 1014.48 	 1070.48 	 1134.60
  115 	 1006.90 	 1065.46 	 1117.12
  116 	 1014.56 	 1071.88 	 1132.32
  117 	 1006.29 	 1066.35 	 1127.87
  118 	 1029.22 	 1074.80 	 1137.67
  119 	 1021.33 	 1083.16 	 1131.99
  120 	 1034.02 	 1085.00 	 1133.12
  121 	 1052.42 	 1089.93 	 1126.57
  122 	 1044.18 	 1083.99 	 1129.83
  123 	 1034.87 	 1081.89 	 1136.56
  124 	 1036.80 	 1088.17 	 1171.10
  125 	 1031.10 	 1082.66 	 1148.46
  126 	 1030.60 	 1093.01 	 1155.22
  127 	 1032.55 	 1080.98 	 1143.47
  128 	 1028.91 	 1085.34 	 1147.40
  129 	 1035.67 	 1088.41 	 1136.69
  130 	 1024.17 	 1099.20 	 1128.54
  131 	 1047.98 	 1103.70 	 1161.28
  132 	 1057.84 	 1106.65 	 1136.88
  133 	 1042.41 	 1105.56 	 1163.23
  134 	 1038.51 	 1101.58 	 1153.49
  135 	 1046.88 	 1098.68 	 1133.84
  136 	 1062.22 	 1099.56 	 1138.45
  137 	 1047.38 	 1106.73 	 1155.34
  138 	 1035.31 	 1104.26 	 1139.09
  139 	 1054.10 	 1108.20 	 1143.11
  140 	 1070.18 	 1103.95 	 1149.05
  141 	 1041.26 	 1109.20 	 1146.24
  142 	 1058.20 	 1113.65 	 1144.38
  143 	 1062.11 	 1117.81 	 1153.16
  144 	 1040.05 	 1121.04 	 1149.58
  145 	 1082.06 	 1121.00 	 1148.41
  146 	 1071.97 	 1123.53 	 1150.32
  147 	 1081.35 	 1122.99 	 1147.98
  148 	 1070.86 	 1120.31 	 1157.27
  149 	 1074.80 	 1118.21 	 1151.54
 