   0 	 801.87 	 965.26 	 1150.36
    1 	 814.67 	 983.75 	 1162.69
    2 	 754.43 	 993.01 	 1159.06
    3 	 757.16 	 982.03 	 1150.25
    4 	 898.87 	 987.63 	 1082.06
    5 	 840.59 	 977.27 	 1104.66
    6 	 863.22 	 961.82 	 1149.31
    7 	 852.08 	 928.20 	 1117.98
    8 	 845.59 	 950.40 	 1153.75
    9 	 846.14 	 950.98 	 1064.35
   10 	 858.07 	 946.08 	 1119.90
   11 	 846.62 	 949.16 	 1081.94
   12 	 868.21 	 958.47 	 1049.09
   13 	 831.28 	 955.92 	 1062.14
   14 	 890.77 	 973.13 	 1054.94
   15 	 859.06 	 964.43 	 1078.05
   16 	 846.58 	 967.10 	 1098.40
   17 	 824.77 	 962.78 	 1086.91
   18 	 876.91 	 975.39 	 1111.11
   19 	 851.57 	 972.64 	 1110.79
   20 	 844.32 	 969.77 	 1104.67
   21 	 845.24 	 977.32 	 1087.33
   22 	 854.89 	 979.62 	 1144.83
   23 	 864.57 	 995.41 	 1144.35
   24 	 835.49 	 987.89 	 1155.32
   25 	 854.53 	 988.89 	 1113.50
   26 	 882.35 	 997.85 	 1102.28
   27 	 859.56 	 980.89 	 1100.87
   28 	 860.05 	 981.56 	 1100.80
   29 	 860.93 	 988.64 	 1102.07
   30 	 905.14 	 1004.46 	 1127.77
   31 	 869.01 	 1019.60 	 1154.86
   32 	 854.41 	 1030.70 	 1181.34
   33 	 882.22 	 1022.56 	 1179.07
   34 	 888.65 	 1022.44 	 1173.26
   35 	 890.85 	 1017.77 	 1137.66
   36 	 892.66 	 1013.67 	 1086.48
   37 	 906.38 	 1008.55 	 1087.72
   38 	 914.18 	 1000.81 	 1117.95
   39 	 886.02 	 1003.98 	 1100.26
   40 	 911.43 	 1025.70 	 1118.54
   41 	 915.63 	 1034.68 	 1105.97
   42 	 922.28 	 1031.60 	 1114.13
   43 	 905.44 	 1030.45 	 1143.97
   44 	 930.21 	 1049.51 	 1124.12
   45 	 938.91 	 1047.60 	 1120.50
   46 	 935.27 	 1055.25 	 1104.59
   47 	 981.75 	 1050.65 	 1134.38
   48 	 972.17 	 1062.00 	 1136.23
   49 	 989.82 	 1066.88 	 1135.48
   50 	 994.52 	 1067.87 	 1121.20
   51 	 1000.33 	 1070.26 	 1129.24
   52 	 1014.15 	 1077.34 	 1138.05
   53 	 1018.49 	 1070.36 	 1138.66
   54 	 1003.38 	 1083.86 	 1123.09
   55 	 1027.64 	 1087.08 	 1136.38
   56 	 1012.07 	 1094.30 	 1171.88
   57 	 1021.59 	 1089.19 	 1132.85
   58 	 1014.95 	 1081.28 	 1124.70
   59 	 990.90 	 1080.84 	 1129.93
   60 	 1014.42 	 1085.66 	 1134.49
   61 	 988.62 	 1078.49 	 1125.17
   62 	 1007.47 	 1086.82 	 1136.13
   63 	 1040.90 	 1095.58 	 1130.54
   64 	 1040.75 	 1094.09 	 1128.15
   65 	 1044.10 	 1103.13 	 1132.83
   66 	 1057.07 	 1106.59 	 1141.41
   67 	 1065.04 	 1104.47 	 1139.82
   68 	 1051.37 	 1102.38 	 1140.85
   69 	 1071.99 	 1108.47 	 1142.42
   70 	 1072.14 	 1110.96 	 1142.79
   71 	 1065.54 	 1110.92 	 1142.51
   72 	 1046.71 	 1106.08 	 1173.71
   73 	 1066.38 	 1111.15 	 1162.00
   74 	 1056.07 	 1110.78 	 1149.94
   75 	 1071.86 	 1108.13 	 1153.86
   76 	 1072.67 	 1106.36 	 1151.87
   77 	 1052.13 	 1112.19 	 1163.19
   78 	 1092.40 	 1122.74 	 1168.16
   79 	 1095.81 	 1135.28 	 1171.03
   80 	 1090.72 	 1134.32 	 1176.25
   81 	 1098.38 	 1140.23 	 1182.74
   82 	 1097.12 	 1136.77 	 1175.37
   83 	 1083.24 	 1130.27 	 1178.20
   84 	 1079.48 	 1136.32 	 1181.51
   85 	 1096.95 	 1134.46 	 1175.91
   86 	 1095.04 	 1131.77 	 1164.20
   87 	 1092.90 	 1136.88 	 1178.15
   88 	 1104.52 	 1134.30 	 1161.91
   89 	 1101.82 	 1128.71 	 1155.89
   90 	 1087.84 	 1127.87 	 1153.41
   91 	 1103.45 	 1129.40 	 1159.11
   92 	 1091.90 	 1127.23 	 1157.45
   93 	 1104.95 	 1130.50 	 1162.80
   94 	 1090.60 	 1126.57 	 1159.83
   95 	 1104.63 	 1129.58 	 1165.86
   96 	 1095.78 	 1124.82 	 1166.22
   97 	 1098.09 	 1129.32 	 1165.47
   98 	 1096.86 	 1125.89 	 1166.03
   99 	 1111.50 	 1127.92 	 1161.67
  100 	 1099.77 	 1125.55 	 1156.70
  101 	 1106.00 	 1128.48 	 1170.87
  102 	 1083.11 	 1127.76 	 1171.85
  103 	 1085.96 	 1133.04 	 1173.25
  104 	 1091.89 	 1134.06 	 1178.78
  105 	 1093.44 	 1132.17 	 1162.60
  106 	 1056.52 	 1128.69 	 1161.20
  107 	 1057.00 	 1125.44 	 1157.21
  108 	 1062.87 	 1127.31 	 1161.12
  109 	 1050.79 	 1119.60 	 1156.81
  110 	 1053.93 	 1130.06 	 1163.71
  111 	 1050.61 	 1130.31 	 1164.55
  112 	 1105.88 	 1138.23 	 1167.33
  113 	 1095.16 	 1135.47 	 1164.23
  114 	 1078.67 	 1136.27 	 1167.86
  115 	 1096.22 	 1135.49 	 1163.10
  116 	 1087.50 	 1136.99 	 1168.01
  117 	 1071.60 	 1133.92 	 1158.64
  118 	 1081.11 	 1137.55 	 1158.34
  119 	 1093.48 	 1134.04 	 1158.97
  120 	 1089.39 	 1132.43 	 1157.50
  121 	 1064.04 	 1131.23 	 1164.52
  122 	 1063.06 	 1125.52 	 1171.44
  123 	 1061.37 	 1117.42 	 1156.98
  124 	 1072.11 	 1120.98 	 1155.57
  125 	 1067.35 	 1118.40 	 1159.71
  126 	 1071.83 	 1115.67 	 1152.85
  127 	 1051.29 	 1104.83 	 1158.66
  128 	 1050.56 	 1097.57 	 1162.40
  129 	 1049.45 	 1091.82 	 1159.41
  130 	 1040.36 	 1097.84 	 1155.96
  131 	 1060.66 	 1091.90 	 1150.78
  132 	 1045.45 	 1083.82 	 1141.81
  133 	 1023.81 	 1083.09 	 1153.88
  134 	 1043.39 	 1081.18 	 1114.64
  135 	 1021.37 	 1078.86 	 1136.13
  136 	 1006.09 	 1070.55 	 1123.39
  137 	 1004.27 	 1062.49 	 1109.66
  138 	 998.24 	 1063.02 	 1116.42
  139 	 984.12 	 1058.58 	 1119.85
  140 	 981.34 	 1059.16 	 1099.44
  141 	 1005.60 	 1068.22 	 1109.20
  142 	 1004.94 	 1063.48 	 1101.77
  143 	 992.43 	 1063.94 	 1115.81
  144 	 1013.46 	 1061.81 	 1107.66
  145 	 1013.12 	 1076.96 	 1113.51
  146 	 1015.86 	 1073.42 	 1124.01
  147 	 1001.37 	 1070.67 	 1122.06
  148 	 1001.26 	 1074.46 	 1128.00
  149 	 962.64 	 1063.08 	 1118.17
 