   0 	 849.10 	 981.61 	 1104.61
    1 	 837.04 	 995.31 	 1101.34
    2 	 880.91 	 1004.13 	 1094.38
    3 	 868.82 	 995.85 	 1105.08
    4 	 884.93 	 989.79 	 1123.41
    5 	 871.10 	 1005.80 	 1125.91
    6 	 862.65 	 1005.77 	 1106.81
    7 	 864.31 	 1002.41 	 1105.49
    8 	 866.71 	 1013.25 	 1130.53
    9 	 874.04 	 1013.84 	 1122.68
   10 	 892.03 	 1013.50 	 1091.30
   11 	 857.40 	 1008.51 	 1076.28
   12 	 892.72 	 980.68 	 1064.71
   13 	 906.51 	 987.96 	 1112.66
   14 	 888.09 	 990.71 	 1118.57
   15 	 891.02 	 987.57 	 1117.26
   16 	 874.69 	 989.98 	 1110.14
   17 	 838.67 	 994.39 	 1122.16
   18 	 843.77 	 986.53 	 1117.81
   19 	 843.54 	 991.72 	 1101.15
   20 	 867.99 	 1003.89 	 1121.04
   21 	 871.86 	 1000.03 	 1101.59
   22 	 830.69 	 1003.59 	 1110.57
   23 	 899.19 	 1016.37 	 1099.60
   24 	 923.78 	 1018.66 	 1102.59
   25 	 916.48 	 1015.90 	 1131.88
   26 	 915.02 	 1012.79 	 1130.79
   27 	 944.38 	 1049.97 	 1143.24
   28 	 968.01 	 1050.16 	 1139.09
   29 	 967.39 	 1053.86 	 1143.70
   30 	 974.89 	 1053.62 	 1117.27
   31 	 976.22 	 1060.27 	 1117.98
   32 	 999.46 	 1057.59 	 1117.74
   33 	 987.77 	 1054.67 	 1127.91
   34 	 984.26 	 1050.46 	 1146.19
   35 	 928.05 	 1051.31 	 1145.07
   36 	 988.24 	 1064.54 	 1139.79
   37 	 971.14 	 1047.45 	 1190.22
   38 	 932.12 	 1042.82 	 1150.97
   39 	 924.22 	 1039.72 	 1144.57
   40 	 938.90 	 1053.90 	 1137.26
   41 	 959.20 	 1050.62 	 1112.28
   42 	 956.04 	 1043.07 	 1147.49
   43 	 934.25 	 1025.49 	 1162.30
   44 	 920.34 	 1041.90 	 1131.71
   45 	 922.61 	 1038.87 	 1105.11
   46 	 911.95 	 1030.35 	 1105.37
   47 	 939.12 	 1026.11 	 1100.78
   48 	 929.78 	 1021.68 	 1116.90
   49 	 918.58 	 1025.17 	 1115.51
   50 	 914.36 	 1030.98 	 1104.54
   51 	 936.15 	 1023.28 	 1116.96
   52 	 908.96 	 1013.58 	 1095.45
   53 	 924.58 	 1004.18 	 1104.41
   54 	 897.74 	 986.16 	 1056.59
   55 	 886.57 	 964.64 	 1055.07
   56 	 884.85 	 961.06 	 1072.59
   57 	 902.52 	 974.38 	 1071.42
   58 	 879.61 	 970.93 	 1090.51
   59 	 884.10 	 968.41 	 1083.86
   60 	 878.92 	 982.55 	 1096.79
   61 	 855.23 	 992.91 	 1092.11
   62 	 794.07 	 986.68 	 1091.19
   63 	 831.03 	 975.03 	 1084.75
   64 	 859.82 	 974.32 	 1071.08
   65 	 876.63 	 974.01 	 1095.48
   66 	 914.66 	 965.50 	 1096.93
   67 	 883.02 	 969.51 	 1097.90
   68 	 866.88 	 959.46 	 1050.62
   69 	 860.31 	 970.81 	 1073.31
   70 	 882.13 	 977.63 	 1072.79
   71 	 868.20 	 967.65 	 1054.25
   72 	 863.73 	 979.20 	 1068.09
   73 	 891.80 	 989.12 	 1081.34
   74 	 934.21 	 1002.22 	 1076.40
   75 	 921.00 	 1000.38 	 1069.79
   76 	 920.72 	 1001.12 	 1083.98
   77 	 930.02 	 1001.10 	 1084.47
   78 	 929.31 	 1020.81 	 1094.06
   79 	 916.70 	 1015.66 	 1088.75
   80 	 957.66 	 1021.76 	 1082.82
   81 	 960.45 	 1019.78 	 1066.44
   82 	 957.90 	 1017.84 	 1062.15
   83 	 969.15 	 1013.48 	 1105.08
   84 	 964.94 	 1013.93 	 1081.89
   85 	 964.44 	 1014.80 	 1090.07
   86 	 938.26 	 1008.26 	 1064.02
   87 	 943.51 	 1011.33 	 1062.98
   88 	 943.93 	 1016.83 	 1064.16
   89 	 918.01 	 1010.64 	 1098.63
   90 	 915.68 	 1009.64 	 1068.54
   91 	 937.98 	 1018.52 	 1077.98
   92 	 958.68 	 1027.21 	 1075.25
   93 	 978.32 	 1028.34 	 1086.32
   94 	 967.94 	 1022.52 	 1092.00
   95 	 961.83 	 1024.25 	 1092.94
   96 	 940.70 	 1029.19 	 1110.88
   97 	 935.77 	 1031.91 	 1103.08
   98 	 936.98 	 1044.57 	 1112.10
   99 	 935.43 	 1040.89 	 1113.51
  100 	 1020.31 	 1060.90 	 1127.04
  101 	 1017.92 	 1055.27 	 1110.57
  102 	 1010.75 	 1057.63 	 1113.36
  103 	 1017.36 	 1054.29 	 1110.36
  104 	 1009.90 	 1047.09 	 1106.56
  105 	 994.83 	 1041.81 	 1092.66
  106 	 974.59 	 1041.44 	 1089.92
  107 	 985.59 	 1039.04 	 1083.70
  108 	 965.29 	 1037.31 	 1082.43
  109 	 1000.19 	 1031.67 	 1073.65
  110 	 952.72 	 1038.23 	 1091.56
  111 	 978.71 	 1037.72 	 1113.15
  112 	 1004.28 	 1043.17 	 1106.79
  113 	 1012.66 	 1043.37 	 1093.46
  114 	 999.01 	 1046.94 	 1091.98
  115 	 1001.23 	 1040.15 	 1086.78
  116 	 989.36 	 1038.22 	 1102.97
  117 	 992.76 	 1029.57 	 1070.60
  118 	 983.76 	 1029.03 	 1067.52
  119 	 991.98 	 1029.22 	 1066.64
  120 	 978.98 	 1032.28 	 1078.69
  121 	 981.21 	 1039.71 	 1075.68
  122 	 955.13 	 1033.90 	 1104.19
  123 	 976.38 	 1033.64 	 1097.41
  124 	 981.29 	 1034.58 	 1088.43
  125 	 965.20 	 1032.82 	 1098.48
  126 	 987.65 	 1034.81 	 1113.28
  127 	 977.10 	 1036.13 	 1073.33
  128 	 974.97 	 1038.18 	 1081.24
  129 	 977.13 	 1041.89 	 1082.59
  130 	 996.67 	 1044.87 	 1090.03
  131 	 984.90 	 1051.53 	 1103.06
  132 	 1003.69 	 1054.43 	 1087.04
  133 	 1003.01 	 1050.68 	 1088.91
  134 	 1022.34 	 1051.55 	 1082.58
  135 	 996.89 	 1047.50 	 1075.78
  136 	 1006.66 	 1046.38 	 1078.07
  137 	 1006.32 	 1049.88 	 1079.75
  138 	 1001.86 	 1049.29 	 1087.30
  139 	 1009.17 	 1054.32 	 1107.47
  140 	 996.63 	 1047.89 	 1084.35
  141 	 1004.37 	 1045.51 	 1077.18
  142 	 1002.85 	 1043.92 	 1087.16
  143 	 1010.07 	 1045.97 	 1079.32
  144 	 991.29 	 1036.40 	 1069.09
  145 	 998.74 	 1036.73 	 1081.79
  146 	 997.06 	 1035.68 	 1063.43
  147 	 992.61 	 1030.17 	 1080.91
  148 	 976.99 	 1030.69 	 1076.12
  149 	 977.72 	 1029.80 	 1075.51
 