   0 	 820.52 	 1008.22 	 1147.12
    1 	 740.96 	 986.43 	 1138.35
    2 	 817.45 	 1001.26 	 1178.01
    3 	 863.04 	 1012.23 	 1168.24
    4 	 830.15 	 1021.58 	 1148.29
    5 	 820.52 	 1013.86 	 1151.53
    6 	 910.01 	 1035.93 	 1147.91
    7 	 984.19 	 1059.75 	 1137.78
    8 	 985.79 	 1071.85 	 1156.33
    9 	 962.63 	 1073.53 	 1173.47
   10 	 947.31 	 1067.94 	 1174.45
   11 	 940.74 	 1061.12 	 1193.47
   12 	 972.96 	 1084.96 	 1199.66
   13 	 993.76 	 1088.69 	 1166.48
   14 	 1004.45 	 1095.76 	 1183.84
   15 	 1000.59 	 1096.39 	 1188.63
   16 	 928.21 	 1092.71 	 1186.76
   17 	 913.31 	 1082.87 	 1220.54
   18 	 1014.59 	 1096.70 	 1201.45
   19 	 986.55 	 1106.36 	 1202.90
   20 	 1002.32 	 1102.58 	 1185.01
   21 	 964.47 	 1095.33 	 1197.22
   22 	 963.99 	 1099.25 	 1203.31
   23 	 985.37 	 1105.43 	 1201.04
   24 	 1023.48 	 1108.50 	 1179.64
   25 	 1019.05 	 1123.42 	 1177.89
   26 	 1025.42 	 1122.45 	 1165.05
   27 	 1066.02 	 1130.69 	 1169.40
   28 	 1062.98 	 1134.69 	 1196.40
   29 	 1037.16 	 1119.52 	 1190.63
   30 	 1043.46 	 1131.18 	 1181.69
   31 	 1034.04 	 1137.94 	 1184.65
   32 	 1011.49 	 1131.84 	 1180.77
   33 	 1013.97 	 1114.00 	 1187.88
   34 	 1019.32 	 1116.95 	 1174.80
   35 	 1005.97 	 1117.83 	 1170.99
   36 	 998.28 	 1113.17 	 1169.54
   37 	 1042.29 	 1106.19 	 1164.51
   38 	 1059.75 	 1103.44 	 1152.75
   39 	 990.47 	 1100.16 	 1173.22
   40 	 984.54 	 1104.94 	 1159.73
   41 	 1024.98 	 1099.01 	 1160.13
   42 	 1029.63 	 1096.77 	 1167.86
   43 	 1027.99 	 1090.11 	 1162.29
   44 	 1051.99 	 1095.68 	 1159.21
   45 	 1022.14 	 1096.33 	 1169.55
   46 	 1005.37 	 1104.05 	 1178.75
   47 	 1051.61 	 1107.11 	 1174.38
   48 	 1051.01 	 1098.82 	 1163.11
   49 	 1044.53 	 1099.58 	 1164.59
   50 	 1047.20 	 1099.47 	 1160.92
   51 	 1049.47 	 1094.33 	 1155.22
   52 	 1066.66 	 1099.32 	 1150.26
   53 	 1020.45 	 1095.64 	 1131.04
   54 	 1031.32 	 1092.26 	 1144.50
   55 	 1031.99 	 1098.21 	 1156.50
   56 	 1028.53 	 1105.60 	 1163.80
   57 	 1025.70 	 1100.74 	 1164.12
   58 	 1040.54 	 1107.30 	 1160.25
   59 	 1033.36 	 1112.75 	 1160.40
   60 	 1031.02 	 1114.20 	 1155.92
   61 	 1047.39 	 1114.30 	 1161.16
   62 	 1056.44 	 1117.26 	 1175.41
   63 	 1083.33 	 1122.08 	 1172.28
   64 	 1085.19 	 1130.40 	 1191.55
   65 	 1060.87 	 1129.70 	 1171.16
   66 	 1055.18 	 1125.75 	 1179.18
   67 	 1070.15 	 1122.30 	 1185.07
   68 	 1042.13 	 1117.40 	 1168.24
   69 	 1071.95 	 1123.20 	 1170.41
   70 	 1051.34 	 1118.37 	 1168.75
   71 	 1053.41 	 1121.18 	 1166.60
   72 	 1067.32 	 1128.29 	 1175.52
   73 	 1089.97 	 1134.89 	 1176.64
   74 	 1078.63 	 1134.98 	 1185.05
   75 	 1091.75 	 1137.57 	 1173.07
   76 	 1063.78 	 1135.73 	 1185.22
   77 	 1057.88 	 1136.58 	 1188.41
   78 	 1046.15 	 1128.01 	 1175.06
   79 	 1082.28 	 1134.42 	 1166.19
   80 	 1068.53 	 1133.90 	 1183.29
   81 	 1060.73 	 1132.90 	 1180.83
   82 	 1096.44 	 1142.81 	 1173.85
   83 	 1096.88 	 1143.91 	 1179.87
   84 	 1070.04 	 1149.04 	 1185.71
   85 	 1086.96 	 1150.84 	 1180.74
   86 	 1104.51 	 1154.85 	 1190.68
   87 	 1087.04 	 1157.22 	 1186.60
   88 	 1109.13 	 1159.95 	 1197.46
   89 	 1120.26 	 1155.94 	 1199.70
   90 	 1112.33 	 1159.73 	 1198.24
   91 	 1107.84 	 1156.64 	 1190.83
   92 	 1112.03 	 1152.56 	 1184.10
   93 	 1113.19 	 1151.69 	 1199.99
   94 	 1110.74 	 1151.86 	 1188.68
   95 	 1077.49 	 1140.11 	 1179.29
   96 	 1092.50 	 1146.77 	 1187.56
   97 	 1093.36 	 1151.95 	 1187.60
   98 	 1072.47 	 1148.32 	 1186.61
   99 	 1084.92 	 1151.86 	 1189.85
  100 	 1099.69 	 1151.84 	 1188.88
  101 	 1108.56 	 1156.37 	 1182.54
  102 	 1105.74 	 1152.22 	 1181.78
  103 	 1106.37 	 1156.96 	 1186.81
  104 	 1106.35 	 1157.61 	 1195.07
  105 	 1106.12 	 1162.68 	 1187.49
  106 	 1113.44 	 1160.16 	 1184.47
  107 	 1111.31 	 1153.59 	 1181.77
  108 	 1111.52 	 1152.98 	 1182.89
  109 	 1107.23 	 1153.26 	 1185.00
  110 	 1102.21 	 1145.96 	 1180.13
  111 	 1100.26 	 1153.98 	 1182.55
  112 	 1082.93 	 1153.54 	 1184.24
  113 	 1092.66 	 1154.98 	 1185.62
  114 	 1087.48 	 1150.46 	 1185.31
  115 	 1068.98 	 1150.55 	 1183.61
  116 	 1057.99 	 1149.42 	 1184.69
  117 	 1092.62 	 1146.33 	 1180.10
  118 	 1088.12 	 1147.42 	 1183.89
  119 	 1089.64 	 1146.05 	 1195.15
  120 	 1103.34 	 1146.09 	 1188.38
  121 	 1113.42 	 1147.61 	 1177.49
  122 	 1082.11 	 1144.56 	 1179.52
  123 	 1088.29 	 1142.82 	 1176.50
  124 	 1052.88 	 1137.27 	 1170.96
  125 	 1097.06 	 1136.88 	 1171.63
  126 	 1087.52 	 1134.79 	 1172.85
  127 	 1086.11 	 1135.10 	 1177.51
  128 	 1082.89 	 1128.30 	 1170.55
  129 	 1060.73 	 1131.61 	 1176.92
  130 	 1089.60 	 1144.82 	 1177.96
  131 	 1095.69 	 1141.19 	 1171.43
  132 	 1055.06 	 1136.49 	 1181.12
  133 	 1059.89 	 1131.60 	 1193.03
  134 	 1078.61 	 1131.03 	 1193.32
  135 	 1078.11 	 1134.00 	 1164.48
  136 	 1086.42 	 1133.46 	 1164.93
  137 	 1083.90 	 1125.22 	 1165.23
  138 	 1069.50 	 1127.29 	 1159.35
  139 	 1107.44 	 1133.55 	 1177.50
  140 	 1100.78 	 1140.81 	 1172.84
  141 	 1115.38 	 1145.91 	 1194.13
  142 	 1115.30 	 1142.92 	 1202.64
  143 	 1108.91 	 1141.97 	 1182.78
  144 	 1109.25 	 1143.46 	 1184.69
  145 	 1120.72 	 1147.19 	 1181.03
  146 	 1123.37 	 1149.65 	 1180.54
  147 	 1121.75 	 1150.25 	 1194.52
  148 	 1118.95 	 1149.34 	 1181.27
  149 	 1106.98 	 1143.24 	 1169.13
 