   0 	 875.13 	 1004.23 	 1172.88
    1 	 812.86 	 1016.42 	 1152.23
    2 	 812.57 	 1010.35 	 1164.69
    3 	 849.01 	 1027.87 	 1150.45
    4 	 855.74 	 1022.12 	 1148.51
    5 	 859.59 	 1026.40 	 1152.02
    6 	 899.89 	 1020.04 	 1159.88
    7 	 858.46 	 1029.22 	 1117.79
    8 	 856.57 	 1023.48 	 1122.02
    9 	 822.54 	 1011.61 	 1146.24
   10 	 839.17 	 1014.53 	 1117.62
   11 	 942.55 	 1028.63 	 1108.02
   12 	 941.09 	 1041.06 	 1130.25
   13 	 935.21 	 1046.56 	 1139.47
   14 	 924.35 	 1046.84 	 1137.86
   15 	 963.11 	 1056.84 	 1133.69
   16 	 944.60 	 1072.25 	 1141.83
   17 	 932.90 	 1057.91 	 1140.78
   18 	 951.58 	 1080.09 	 1159.47
   19 	 902.19 	 1079.74 	 1137.40
   20 	 1027.55 	 1084.64 	 1131.81
   21 	 990.88 	 1081.96 	 1168.93
   22 	 1015.79 	 1096.25 	 1137.63
   23 	 1015.13 	 1092.38 	 1169.31
   24 	 1027.79 	 1094.91 	 1163.83
   25 	 1037.91 	 1099.07 	 1163.51
   26 	 1024.99 	 1103.70 	 1182.70
   27 	 1007.30 	 1112.12 	 1164.85
   28 	 1017.96 	 1113.93 	 1172.77
   29 	 1008.71 	 1103.45 	 1190.93
   30 	 980.84 	 1102.52 	 1199.78
   31 	 1014.71 	 1114.89 	 1183.97
   32 	 1036.33 	 1124.83 	 1196.68
   33 	 1029.05 	 1121.40 	 1194.15
   34 	 1030.55 	 1112.86 	 1192.44
   35 	 1027.36 	 1116.66 	 1201.23
   36 	 1027.63 	 1116.49 	 1197.92
   37 	 1038.32 	 1120.34 	 1188.78
   38 	 1005.44 	 1122.18 	 1202.65
   39 	 1017.78 	 1125.24 	 1190.21
   40 	 1036.35 	 1112.04 	 1182.16
   41 	 1048.58 	 1107.19 	 1178.68
   42 	 1046.08 	 1103.88 	 1179.03
   43 	 1051.37 	 1107.66 	 1174.37
   44 	 1058.22 	 1108.18 	 1176.08
   45 	 1068.23 	 1101.14 	 1130.64
   46 	 1060.80 	 1100.97 	 1133.05
   47 	 1050.17 	 1092.56 	 1133.75
   48 	 1019.01 	 1088.50 	 1151.44
   49 	 1042.03 	 1095.16 	 1154.87
   50 	 1013.88 	 1101.89 	 1174.45
   51 	 1032.22 	 1094.30 	 1144.88
   52 	 1021.43 	 1091.08 	 1148.01
   53 	 1027.67 	 1092.97 	 1134.37
   54 	 1035.19 	 1094.21 	 1132.33
   55 	 1030.35 	 1091.14 	 1142.64
   56 	 1054.16 	 1097.89 	 1151.50
   57 	 1048.16 	 1101.90 	 1163.64
   58 	 1048.45 	 1099.51 	 1157.56
   59 	 1005.72 	 1096.18 	 1158.57
   60 	 1037.41 	 1103.66 	 1170.59
   61 	 1019.88 	 1105.59 	 1171.43
   62 	 1029.29 	 1102.51 	 1152.21
   63 	 1031.92 	 1115.65 	 1160.89
   64 	 1028.05 	 1113.31 	 1147.81
   65 	 1023.24 	 1110.41 	 1146.87
   66 	 1025.54 	 1114.53 	 1156.25
   67 	 1056.28 	 1113.48 	 1160.37
   68 	 1059.19 	 1114.21 	 1175.33
   69 	 1062.50 	 1117.23 	 1175.45
   70 	 1061.12 	 1122.88 	 1167.32
   71 	 1088.23 	 1121.60 	 1168.72
   72 	 1076.71 	 1118.64 	 1163.33
   73 	 1056.39 	 1121.09 	 1160.01
   74 	 1040.46 	 1115.69 	 1169.88
   75 	 1050.01 	 1110.41 	 1168.89
   76 	 1046.84 	 1110.06 	 1158.29
   77 	 1063.14 	 1117.80 	 1154.27
   78 	 1069.78 	 1122.31 	 1160.10
   79 	 1074.98 	 1121.51 	 1165.38
   80 	 1076.55 	 1128.41 	 1160.55
   81 	 1068.95 	 1124.14 	 1165.62
   82 	 1071.50 	 1125.97 	 1164.47
   83 	 1080.01 	 1134.94 	 1170.17
   84 	 1096.63 	 1139.88 	 1174.65
   85 	 1087.47 	 1136.37 	 1166.05
   86 	 1076.16 	 1132.16 	 1168.10
   87 	 1027.34 	 1124.57 	 1182.46
   88 	 1030.77 	 1121.96 	 1174.15
   89 	 1023.51 	 1111.34 	 1176.37
   90 	 1038.80 	 1110.54 	 1175.74
   91 	 1051.22 	 1114.96 	 1170.92
   92 	 1070.16 	 1121.49 	 1175.12
   93 	 1073.76 	 1137.22 	 1184.25
   94 	 1075.33 	 1131.75 	 1186.22
   95 	 1079.20 	 1137.13 	 1179.30
   96 	 1069.79 	 1133.30 	 1172.19
   97 	 1082.36 	 1132.27 	 1188.04
   98 	 1077.52 	 1128.71 	 1185.66
   99 	 1045.20 	 1121.63 	 1174.16
  100 	 1070.51 	 1118.96 	 1183.49
  101 	 1071.95 	 1124.57 	 1174.28
  102 	 1071.28 	 1114.06 	 1169.39
  103 	 1070.07 	 1114.20 	 1160.77
  104 	 1051.64 	 1113.51 	 1160.96
  105 	 1039.26 	 1118.95 	 1161.53
  106 	 1057.94 	 1108.62 	 1161.53
  107 	 1072.44 	 1107.03 	 1161.57
  108 	 1041.10 	 1100.00 	 1147.34
  109 	 1067.69 	 1106.28 	 1156.84
  110 	 1061.11 	 1112.76 	 1171.61
  111 	 1052.67 	 1109.33 	 1152.41
  112 	 1040.20 	 1106.52 	 1174.39
  113 	 1052.43 	 1105.93 	 1162.68
  114 	 1034.14 	 1099.47 	 1164.31
  115 	 1043.26 	 1096.44 	 1146.92
  116 	 1042.55 	 1095.11 	 1164.22
  117 	 1049.27 	 1095.24 	 1138.40
  118 	 1033.49 	 1098.27 	 1146.61
  119 	 1038.55 	 1094.36 	 1146.81
  120 	 1043.46 	 1090.26 	 1144.25
  121 	 1012.55 	 1080.38 	 1145.02
  122 	 1026.89 	 1078.37 	 1120.29
  123 	 1037.68 	 1078.95 	 1124.30
  124 	 1032.94 	 1081.47 	 1143.49
  125 	 1029.14 	 1089.77 	 1160.45
  126 	 1060.46 	 1088.16 	 1129.11
  127 	 1055.48 	 1091.25 	 1134.82
  128 	 1059.60 	 1091.80 	 1124.35
  129 	 1055.84 	 1093.74 	 1129.26
  130 	 1008.15 	 1091.27 	 1130.78
  131 	 1016.65 	 1089.40 	 1137.98
  132 	 1014.26 	 1088.33 	 1144.94
  133 	 1010.93 	 1094.01 	 1156.16
  134 	 1013.76 	 1089.68 	 1145.60
  135 	 1061.55 	 1093.86 	 1160.51
  136 	 1046.67 	 1093.43 	 1136.61
  137 	 1030.60 	 1097.57 	 1145.15
  138 	 1043.74 	 1096.81 	 1131.56
  139 	 1050.62 	 1097.04 	 1130.52
  140 	 1048.92 	 1097.01 	 1136.39
  141 	 1026.98 	 1091.69 	 1139.18
  142 	 1011.73 	 1096.58 	 1134.10
  143 	 1017.78 	 1102.07 	 1148.78
  144 	 1030.42 	 1100.07 	 1123.81
  145 	 1027.04 	 1107.45 	 1144.36
  146 	 1074.39 	 1107.91 	 1130.77
  147 	 1072.79 	 1106.95 	 1128.34
  148 	 1076.58 	 1107.34 	 1129.28
  149 	 1046.53 	 1104.68 	 1127.47
 