   0 	 884.79 	 1014.57 	 1119.13
    1 	 840.14 	 1013.05 	 1147.09
    2 	 859.67 	 985.08 	 1111.40
    3 	 834.18 	 976.41 	 1114.81
    4 	 830.37 	 988.48 	 1130.88
    5 	 891.17 	 1011.35 	 1122.94
    6 	 898.56 	 1027.98 	 1131.60
    7 	 821.70 	 1018.90 	 1123.75
    8 	 834.87 	 1011.46 	 1115.53
    9 	 889.86 	 1012.91 	 1148.11
   10 	 848.66 	 996.95 	 1113.42
   11 	 844.54 	 989.28 	 1123.54
   12 	 884.62 	 997.83 	 1127.62
   13 	 872.53 	 991.91 	 1090.30
   14 	 889.44 	 992.69 	 1095.96
   15 	 878.83 	 1014.48 	 1109.38
   16 	 931.72 	 1014.32 	 1094.89
   17 	 929.42 	 1029.92 	 1109.57
   18 	 917.50 	 1008.05 	 1122.73
   19 	 934.55 	 1024.19 	 1117.99
   20 	 925.24 	 1030.13 	 1115.11
   21 	 940.92 	 1034.00 	 1142.19
   22 	 925.64 	 1033.92 	 1134.54
   23 	 930.25 	 1030.71 	 1119.58
   24 	 962.91 	 1045.41 	 1132.98
   25 	 964.54 	 1059.34 	 1113.23
   26 	 948.96 	 1051.81 	 1111.03
   27 	 941.27 	 1040.26 	 1107.97
   28 	 943.90 	 1050.84 	 1103.96
   29 	 949.57 	 1052.62 	 1119.03
   30 	 983.28 	 1061.29 	 1127.49
   31 	 1004.23 	 1063.25 	 1118.16
   32 	 967.08 	 1073.82 	 1154.05
   33 	 967.84 	 1070.73 	 1156.56
   34 	 999.51 	 1062.64 	 1140.43
   35 	 950.59 	 1062.58 	 1141.75
   36 	 954.29 	 1074.66 	 1152.92
   37 	 984.52 	 1083.25 	 1135.71
   38 	 984.05 	 1080.95 	 1141.54
   39 	 1009.53 	 1081.47 	 1148.11
   40 	 993.74 	 1088.83 	 1145.94
   41 	 1025.78 	 1089.19 	 1146.14
   42 	 1029.98 	 1089.47 	 1151.47
   43 	 1050.85 	 1097.43 	 1150.82
   44 	 1046.65 	 1099.92 	 1149.52
   45 	 1024.52 	 1106.95 	 1158.97
   46 	 1035.68 	 1115.48 	 1161.10
   47 	 1033.12 	 1117.79 	 1160.67
   48 	 1044.62 	 1111.98 	 1165.05
   49 	 1050.06 	 1111.10 	 1159.21
   50 	 1009.63 	 1103.23 	 1156.56
   51 	 1006.39 	 1095.51 	 1150.48
   52 	 1006.01 	 1085.87 	 1136.52
   53 	 1020.24 	 1078.68 	 1126.80
   54 	 1014.23 	 1075.39 	 1134.77
   55 	 1019.14 	 1083.05 	 1142.36
   56 	 1020.66 	 1082.30 	 1148.77
   57 	 1027.95 	 1086.66 	 1157.06
   58 	 1033.16 	 1085.82 	 1168.07
   59 	 1027.79 	 1088.30 	 1156.43
   60 	 1034.27 	 1088.56 	 1154.07
   61 	 1040.09 	 1088.31 	 1147.16
   62 	 1036.01 	 1085.09 	 1142.34
   63 	 1009.98 	 1080.34 	 1167.53
   64 	 979.60 	 1079.71 	 1146.94
   65 	 1037.08 	 1086.19 	 1151.30
   66 	 1010.27 	 1086.54 	 1150.36
   67 	 1061.27 	 1100.46 	 1130.07
   68 	 1056.19 	 1097.35 	 1141.04
   69 	 1009.47 	 1097.09 	 1146.73
   70 	 1034.79 	 1098.96 	 1136.44
   71 	 1063.97 	 1099.40 	 1139.41
   72 	 1064.74 	 1100.10 	 1137.77
   73 	 1057.54 	 1096.78 	 1136.90
   74 	 1061.25 	 1095.22 	 1141.56
   75 	 1026.94 	 1095.05 	 1131.31
   76 	 1061.07 	 1099.93 	 1130.90
   77 	 1074.67 	 1102.77 	 1135.27
   78 	 1069.70 	 1096.94 	 1127.44
   79 	 1074.52 	 1101.43 	 1127.06
   80 	 1070.69 	 1101.35 	 1143.46
   81 	 1059.53 	 1098.01 	 1127.57
   82 	 1063.90 	 1097.69 	 1138.02
   83 	 1073.62 	 1099.13 	 1136.84
   84 	 1044.68 	 1096.87 	 1129.90
   85 	 1073.53 	 1105.66 	 1134.83
   86 	 1068.06 	 1107.02 	 1138.11
   87 	 1089.79 	 1112.53 	 1152.16
   88 	 1076.14 	 1113.42 	 1149.35
   89 	 1083.62 	 1115.35 	 1158.50
   90 	 1079.48 	 1109.34 	 1165.83
   91 	 1063.49 	 1103.71 	 1136.58
   92 	 1083.87 	 1105.63 	 1124.60
   93 	 1074.62 	 1106.69 	 1141.59
   94 	 1080.06 	 1107.17 	 1129.90
   95 	 1077.67 	 1106.32 	 1125.32
   96 	 1073.26 	 1101.65 	 1124.27
   97 	 1051.95 	 1101.46 	 1138.42
   98 	 1047.87 	 1101.24 	 1151.19
   99 	 1065.49 	 1112.38 	 1147.89
  100 	 1058.60 	 1106.14 	 1170.82
  101 	 1078.58 	 1117.44 	 1164.35
  102 	 1073.49 	 1111.18 	 1156.55
  103 	 1063.86 	 1114.72 	 1165.44
  104 	 1058.88 	 1111.96 	 1147.15
  105 	 1057.42 	 1116.51 	 1153.32
  106 	 1060.03 	 1111.73 	 1146.95
  107 	 1090.81 	 1112.11 	 1142.91
  108 	 1076.50 	 1114.65 	 1156.23
  109 	 1073.54 	 1117.25 	 1158.32
  110 	 1077.54 	 1121.06 	 1159.10
  111 	 1067.72 	 1120.23 	 1164.82
  112 	 1009.86 	 1112.76 	 1171.37
  113 	 1017.94 	 1108.98 	 1143.56
  114 	 1017.40 	 1105.67 	 1135.12
  115 	 1004.05 	 1101.87 	 1141.41
  116 	 1064.45 	 1103.14 	 1135.79
  117 	 1047.91 	 1101.08 	 1140.29
  118 	 1020.73 	 1100.24 	 1132.97
  119 	 1033.82 	 1100.51 	 1150.38
  120 	 1048.46 	 1094.67 	 1124.94
  121 	 1011.34 	 1088.09 	 1123.17
  122 	 1030.59 	 1090.93 	 1116.18
  123 	 1033.24 	 1086.47 	 1118.27
  124 	 1005.50 	 1083.32 	 1122.44
  125 	 1024.67 	 1084.29 	 1125.65
  126 	 1030.31 	 1083.59 	 1123.03
  127 	 1003.22 	 1080.40 	 1133.10
  128 	 1023.39 	 1071.41 	 1111.94
  129 	 967.40 	 1071.76 	 1124.39
  130 	 968.89 	 1057.41 	 1119.54
  131 	 1017.40 	 1064.05 	 1124.77
  132 	 1020.50 	 1058.18 	 1114.93
  133 	 1016.38 	 1049.58 	 1118.27
  134 	 1018.64 	 1047.43 	 1105.04
  135 	 1020.13 	 1055.41 	 1110.93
  136 	 1026.83 	 1068.72 	 1107.00
  137 	 999.03 	 1065.73 	 1109.75
  138 	 1028.78 	 1069.71 	 1110.96
  139 	 1022.80 	 1067.45 	 1117.59
  140 	 1019.88 	 1066.18 	 1113.74
  141 	 1021.10 	 1074.95 	 1146.08
  142 	 1024.52 	 1076.74 	 1116.23
  143 	 989.32 	 1064.45 	 1125.12
  144 	 990.40 	 1068.94 	 1125.58
  145 	 974.32 	 1074.80 	 1116.43
  146 	 997.49 	 1082.13 	 1136.66
  147 	 992.13 	 1070.87 	 1129.62
  148 	 985.50 	 1067.76 	 1104.56
  149 	 988.37 	 1077.94 	 1135.21
 