   0 	 807.66 	 1000.37 	 1121.77
    1 	 827.75 	 989.66 	 1120.94
    2 	 886.33 	 1005.65 	 1114.24
    3 	 881.64 	 1015.91 	 1123.27
    4 	 889.11 	 1047.59 	 1150.78
    5 	 882.51 	 1040.63 	 1145.50
    6 	 921.60 	 1037.89 	 1155.00
    7 	 952.13 	 1053.82 	 1155.04
    8 	 971.43 	 1070.26 	 1162.01
    9 	 968.07 	 1089.03 	 1180.02
   10 	 988.01 	 1082.63 	 1175.54
   11 	 988.71 	 1088.61 	 1169.99
   12 	 1049.26 	 1104.34 	 1170.91
   13 	 1061.34 	 1110.52 	 1184.75
   14 	 1053.86 	 1112.82 	 1187.32
   15 	 995.08 	 1109.99 	 1172.20
   16 	 1037.62 	 1116.18 	 1180.49
   17 	 1044.99 	 1107.78 	 1174.26
   18 	 992.86 	 1104.00 	 1155.94
   19 	 990.29 	 1102.67 	 1160.42
   20 	 1013.06 	 1108.37 	 1169.94
   21 	 1005.80 	 1098.25 	 1170.30
   22 	 997.37 	 1097.65 	 1161.61
   23 	 1031.91 	 1103.59 	 1176.37
   24 	 993.30 	 1106.48 	 1181.27
   25 	 1020.11 	 1109.09 	 1203.33
   26 	 1035.30 	 1124.25 	 1190.99
   27 	 1001.81 	 1115.80 	 1168.89
   28 	 974.00 	 1112.09 	 1168.37
   29 	 1057.47 	 1112.03 	 1146.64
   30 	 1053.35 	 1113.07 	 1170.88
   31 	 1031.74 	 1108.50 	 1171.77
   32 	 1049.05 	 1117.56 	 1171.57
   33 	 1064.37 	 1118.35 	 1170.92
   34 	 1067.88 	 1121.01 	 1174.17
   35 	 1057.00 	 1120.81 	 1170.84
   36 	 1061.81 	 1116.38 	 1176.01
   37 	 1076.45 	 1119.31 	 1178.73
   38 	 1063.46 	 1114.18 	 1176.59
   39 	 1063.54 	 1118.23 	 1184.75
   40 	 1065.24 	 1117.33 	 1173.00
   41 	 1070.96 	 1119.39 	 1171.71
   42 	 1074.66 	 1117.21 	 1165.67
   43 	 1067.60 	 1122.05 	 1176.98
   44 	 1074.88 	 1117.17 	 1177.68
   45 	 1068.36 	 1117.11 	 1183.71
   46 	 1076.91 	 1112.77 	 1176.36
   47 	 1074.03 	 1108.35 	 1155.09
   48 	 1073.27 	 1106.33 	 1164.22
   49 	 1069.04 	 1106.09 	 1149.36
   50 	 1081.08 	 1108.34 	 1158.13
   51 	 1049.26 	 1103.20 	 1153.06
   52 	 1025.18 	 1098.15 	 1155.06
   53 	 1048.48 	 1104.20 	 1147.85
   54 	 1053.10 	 1107.25 	 1141.07
   55 	 1042.00 	 1103.44 	 1157.40
   56 	 1052.56 	 1114.83 	 1160.64
   57 	 1065.61 	 1120.16 	 1166.03
   58 	 1083.44 	 1128.86 	 1165.24
   59 	 1066.87 	 1124.23 	 1165.77
   60 	 1061.32 	 1123.71 	 1166.26
   61 	 1086.63 	 1130.75 	 1148.25
   62 	 1068.27 	 1128.04 	 1186.06
   63 	 1078.76 	 1128.77 	 1174.17
   64 	 1063.75 	 1124.64 	 1160.78
   65 	 1063.42 	 1127.10 	 1158.00
   66 	 1051.92 	 1131.27 	 1153.75
   67 	 1078.50 	 1133.43 	 1159.29
   68 	 1096.53 	 1129.62 	 1149.53
   69 	 1063.13 	 1129.42 	 1155.61
   70 	 1091.06 	 1127.82 	 1156.86
   71 	 1095.19 	 1130.17 	 1161.66
   72 	 1064.64 	 1130.71 	 1153.28
   73 	 1056.54 	 1130.73 	 1171.61
   74 	 1059.98 	 1130.20 	 1171.93
   75 	 1048.29 	 1127.78 	 1160.57
   76 	 1064.41 	 1131.35 	 1161.17
   77 	 1065.85 	 1128.57 	 1160.73
   78 	 1051.52 	 1133.11 	 1168.35
   79 	 1052.40 	 1128.00 	 1167.56
   80 	 1065.51 	 1129.73 	 1168.44
   81 	 1092.25 	 1127.80 	 1170.51
   82 	 1080.28 	 1127.09 	 1188.93
   83 	 1094.52 	 1132.52 	 1180.00
   84 	 1087.49 	 1131.19 	 1172.51
   85 	 1086.23 	 1125.43 	 1183.09
   86 	 1087.83 	 1126.00 	 1182.82
   87 	 1084.54 	 1121.75 	 1164.12
   88 	 1092.44 	 1119.37 	 1167.73
   89 	 1067.33 	 1123.81 	 1173.58
   90 	 1080.93 	 1118.82 	 1158.94
   91 	 1091.29 	 1129.16 	 1163.16
   92 	 1078.06 	 1131.37 	 1172.81
   93 	 1047.18 	 1124.31 	 1169.69
   94 	 1026.83 	 1130.47 	 1164.55
   95 	 1036.00 	 1129.88 	 1171.52
   96 	 1041.76 	 1122.38 	 1155.90
   97 	 1033.57 	 1117.39 	 1151.97
   98 	 1060.97 	 1125.18 	 1154.14
   99 	 1061.66 	 1124.58 	 1170.48
  100 	 1087.88 	 1127.00 	 1159.98
  101 	 1070.81 	 1126.39 	 1165.26
  102 	 1047.05 	 1123.21 	 1169.66
  103 	 1036.48 	 1123.15 	 1155.67
  104 	 1043.01 	 1124.66 	 1185.18
  105 	 1055.46 	 1116.75 	 1155.10
  106 	 1072.99 	 1115.31 	 1156.15
  107 	 1059.50 	 1104.93 	 1170.52
  108 	 1047.17 	 1107.14 	 1156.87
  109 	 1050.86 	 1095.59 	 1157.10
  110 	 1047.19 	 1094.82 	 1157.94
  111 	 1042.49 	 1097.35 	 1175.34
  112 	 1043.38 	 1088.56 	 1160.48
  113 	 1030.10 	 1091.61 	 1167.53
  114 	 1051.52 	 1095.11 	 1165.69
  115 	 1052.94 	 1091.13 	 1155.12
  116 	 1043.00 	 1085.42 	 1154.76
  117 	 1031.16 	 1087.50 	 1139.63
  118 	 1020.76 	 1097.79 	 1147.07
  119 	 1043.00 	 1089.34 	 1149.49
  120 	 1046.68 	 1093.08 	 1149.83
  121 	 1055.01 	 1093.16 	 1138.59
  122 	 1052.78 	 1099.84 	 1163.00
  123 	 1042.63 	 1096.96 	 1157.30
  124 	 1042.15 	 1099.45 	 1150.45
  125 	 1038.82 	 1096.55 	 1152.13
  126 	 1039.71 	 1100.59 	 1157.98
  127 	 1027.84 	 1101.40 	 1180.28
  128 	 1019.20 	 1099.45 	 1162.91
  129 	 1019.05 	 1093.79 	 1152.94
  130 	 981.83 	 1087.87 	 1129.27
  131 	 978.54 	 1082.56 	 1144.43
  132 	 1015.44 	 1083.09 	 1154.67
  133 	 1010.46 	 1080.35 	 1156.57
  134 	 1024.58 	 1084.33 	 1154.49
  135 	 1004.92 	 1076.79 	 1142.32
  136 	 988.51 	 1080.81 	 1141.66
  137 	 962.11 	 1074.92 	 1140.12
  138 	 985.81 	 1073.73 	 1142.41
  139 	 987.13 	 1072.34 	 1165.26
  140 	 982.92 	 1065.45 	 1148.69
  141 	 980.91 	 1063.50 	 1134.71
  142 	 954.02 	 1047.78 	 1148.08
  143 	 984.10 	 1060.67 	 1149.63
  144 	 988.65 	 1068.84 	 1167.61
  145 	 978.87 	 1063.16 	 1172.70
  146 	 965.93 	 1057.55 	 1163.23
  147 	 947.94 	 1055.34 	 1174.34
  148 	 961.82 	 1062.91 	 1168.44
  149 	 967.87 	 1060.60 	 1147.60
 